1 0 10062 1
1 0 10296 0
1 0 50236 0
1 0 691 0
1 0 1079 0
1 0 12406 0
1 0 3790 0
1 0 12278 0
1 0 51678 0
1 0 401 0
1 0 281 0
1 0 51676 0
1 0 12272 0
1 0 3991 0
1 0 3831 0
1 0 52266 0
1 0 677 0
1 0 1319 0
1 0 1492 0
1 0 51237 0
1 0 51560 0
1 0 51443 0
1 0 10196 0
1 0 51279 0
1 0 51373 0
1 0 51375 1
1 0 3565 0
1 0 911 0
1 0 2995 0
1 0 920 0
1 0 923 0
1 0 924 0
1 0 3447 0
1 0 50584 0
1 0 51295 0
1 0 3950 0
1 0 2775 0
1 0 1127 0
1 0 3910 0
1 0 50267 0
1 0 50261 1
1 0 12428 0
1 0 836 0
1 0 52094 0
1 0 51365 0
1 0 1852 0
1 0 918 1
1 0 2071 0
1 0 1528 1
1 0 910 0
1 0 51971 0
1 0 1103 0
1 0 52135 0
1 0 51916 0
1 0 14049 0
1 0 3954 0
1 0 4113 0
1 0 100 0
1 0 845 0
1 0 3463 0
1 0 4052 0
1 0 2272 0
1 0 908 1
1 0 12458 0
1 0 50118 0
1 0 1249 0
1 0 517 0
1 0 458 1
1 0 2298 0
1 0 52107 0
1 0 3616 0
1 0 52108 0
1 0 51984 0
1 0 3292 0
1 0 2125 0
1 0 12036 0
1 0 2566 0
1 0 732 0
1 0 2365 0
1 0 10153 0
1 0 1216 0
1 0 755 0
1 0 465 1
1 0 464 0
1 0 10313 0
1 0 52007 0
1 0 12025 1
1 0 20004 0
1 0 906 0
1 0 13 0
1 0 3688 0
1 0 960 0
1 0 1629 0
1 0 3373 0
1 0 725 0
1 0 1518 0
1 0 50635 0
1 0 12342 0
1 0 2861 0
1 0 3902 0
1 0 2436 0
1 0 52299 0
1 0 20015 0
1 0 235 0
1 0 12193 0
1 0 51793 0
1 0 12469 0
1 0 50303 0
1 0 3346 0
1 0 10081 0
1 0 51001 1
1 0 50029 0
1 0 2935 0
1 0 362 0
1 0 50627 0
1 0 50921 0
1 0 3910 0
1 0 3621 1
1 0 10173 0
1 0 649 0
1 0 10460 0
1 0 51469 0
1 0 2974 0
1 0 3578 0
1 0 1047 1
1 0 50253 0
1 0 1367 0
1 0 3525 0
1 0 51095 0
1 0 51141 0
2 0 1146 1
2 0 2718 0
2 0 2842 0
2 0 2840 0
2 0 660 0
2 0 135 0
2 0 3329 0
2 0 138 0
2 0 10346 1
2 0 1771 0
2 0 3552 0
2 0 1835 0
2 0 1077 1
2 0 3174 0
2 0 3856 0
2 0 346 0
2 0 1468 0
2 0 334 0
2 0 2245 0
2 0 349 0
2 0 2243 0
2 0 2858 0
2 0 3765 0
2 0 3833 0
2 0 2704 0
2 0 676 0
2 0 10285 1
2 0 999 0
2 0 671 0
2 0 4039 0
2 0 10194 0
2 0 1706 0
2 0 12143 0
2 0 3845 0
2 0 16174 0
2 0 1667 0
2 0 2790 0
2 0 376 0
2 0 1129 1
2 0 1084 1
2 0 596 0
2 0 1122 1
2 0 1124 0
2 0 3828 0
2 0 619 0
2 0 1928 0
2 0 14054 0
2 0 52091 1
2 0 833 0
2 0 2988 0
2 0 3577 0
2 0 20057 0
2 0 4125 0
2 0 51868 0
2 0 50779 0
2 0 1395 0
2 0 1528 0
2 0 913 1
2 0 308 0
2 0 3581 0
2 0 1138 1
2 0 3584 0
2 0 52372 0
2 0 2444 0
2 0 3519 0
2 0 1930 0
2 0 384 0
2 0 51854 0
2 0 10427 0
2 0 4118 0
2 0 902 1
2 0 4054 0
2 0 3395 0
2 0 51189 0
2 0 2574 0
2 0 3090 0
2 0 1242 0
2 0 51109 1
2 0 2454 0
2 0 452 0
2 0 1343 0
2 0 2920 0
2 0 330 0
2 0 2191 0
2 0 2194 0
2 0 50992 0
2 0 2202 0
2 0 50682 1
2 0 1506 0
2 0 2368 0
2 0 311 0
2 0 2623 0
2 0 52340 0
2 0 2589 0
2 0 3527 0
2 0 3524 1
2 0 92 0
2 0 222 1
2 0 2213 0
2 0 3881 0
2 0 4078 0
2 0 866 0
2 0 1452 0
2 0 1741 0
2 0 1207 0
2 0 1169 0
2 0 1091 1
2 0 959 0
2 0 2341 0
2 0 1113 1
2 0 1553 0
2 0 10260 1
2 0 51362 0
2 0 776 0
2 0 2723 0
2 0 10088 1
2 0 20067 0
2 0 3422 0
2 0 4014 0
2 0 689 0
2 0 2004 0
3 0 1141 1
3 0 218 0
3 0 10292 0
3 0 2658 0
3 0 1774 0
3 0 51474 0
3 0 3597 0
3 0 3651 0
3 0 3653 0
3 0 51177 0
3 0 693 0
3 0 50002 0
3 0 1540 0
3 0 50710 0
3 0 2529 0
3 0 51899 0
3 0 50160 0
3 0 1468 0
3 0 1341 0
3 0 2015 0
3 0 3994 0
3 0 50416 0
3 0 2013 0
3 0 995 0
3 0 50884 0
3 0 1158 1
3 0 1311 0
3 0 2703 0
3 0 50373 0
3 0 3406 0
3 0 3645 0
3 0 1828 0
3 0 51370 0
3 0 50674 0
3 0 51305 0
3 0 1825 0
3 0 2993 0
3 0 418 0
3 0 51400 0
3 0 1081 0
3 0 52007 0
3 0 1483 0
3 0 177 0
3 0 4090 0
3 0 50185 0
3 0 394 0
3 0 3677 0
3 0 832 0
3 0 3470 0
3 0 3572 0
3 0 2665 0
3 0 50126 0
3 0 2930 0
3 0 50194 0
3 0 51854 0
3 0 107 0
3 0 4055 0
3 0 1728 0
3 0 50298 0
3 0 2672 0
3 0 2370 0
3 0 1000 1
3 0 1683 0
3 0 1223 0
3 0 243 0
3 0 3617 0
3 0 2454 0
3 0 10035 0
3 0 1872 0
3 0 1737 0
3 0 2802 0
3 0 3009 0
3 0 10388 0
3 0 2568 0
3 0 1634 1
3 0 50121 0
3 0 3362 0
3 0 2684 0
3 0 1031 1
3 0 568 0
3 0 14014 0
3 0 756 0
3 0 3465 1
3 0 2124 0
3 0 1024 0
3 0 1185 0
3 0 865 0
3 0 50910 0
3 0 51338 0
3 0 51722 0
3 0 1747 0
3 0 2638 0
3 0 2733 0
3 0 1205 0
3 0 2637 0
3 0 1206 0
3 0 2631 0
3 0 20095 0
3 0 3737 0
3 0 50226 0
3 0 3938 0
3 0 51009 0
3 0 50303 0
3 0 1768 0
3 0 1 1
3 0 1446 0
3 0 1112 0
3 0 1118 0
3 0 12197 0
3 0 1564 0
3 0 28 0
3 0 12218 0
3 0 2878 0
3 0 50317 0
3 0 4040 0
3 0 1285 0
3 0 1056 1
3 0 1044 0
3 0 943 0
3 0 51661 0
3 0 1682 0
3 0 1687 0
3 0 2532 0
3 0 51316 0
4 0 3498 0
4 0 12485 0
4 0 664 1
4 0 3254 1
4 0 51898 1
4 0 2407 1
4 0 50167 0
4 0 51954 0
4 0 3858 0
4 0 3488 0
4 0 678 1
4 0 1795 0
4 0 2550 1
4 0 51161 0
4 0 1702 0
4 0 1703 0
4 0 12530 0
4 0 1825 0
4 0 50679 0
4 0 50560 0
4 0 417 0
4 0 2415 1
4 0 12318 0
4 0 297 0
4 0 373 0
4 0 1414 1
4 0 2252 1
4 0 10049 0
4 0 1089 0
4 0 3277 0
4 0 1488 0
4 0 3300 0
4 0 52091 0
4 0 1718 0
4 0 12258 0
4 0 2664 1
4 0 51110 0
4 0 2260 0
4 0 50772 1
4 0 2668 1
4 0 3664 1
4 0 1237 1
4 0 3660 0
4 0 3745 1
4 0 1238 0
4 0 50861 0
4 0 50211 0
4 0 921 0
4 0 10034 0
4 0 4119 1
4 0 3018 0
4 0 3464 1
4 0 51428 1
4 0 3501 1
4 0 12004 0
4 0 2797 0
4 0 50612 0
4 0 12329 0
4 0 514 0
4 0 3592 0
4 0 2455 1
4 0 4106 0
4 0 12569 0
4 0 855 1
4 0 3518 1
4 0 1634 0
4 0 1426 1
4 0 51436 0
4 0 50759 0
4 0 2567 0
4 0 51228 0
4 0 16006 0
4 0 103 0
4 0 3894 1
4 0 2623 0
4 0 1214 1
4 0 2818 0
4 0 2426 0
4 0 1594 0
4 0 51839 0
4 0 51522 0
4 0 12519 0
4 0 868 1
4 0 1626 1
4 0 1625 1
4 0 3683 0
4 0 2361 0
4 0 52238 0
4 0 1517 0
4 0 52337 0
4 0 51391 0
4 0 4085 0
4 0 52359 0
4 0 4088 1
4 0 2084 1
4 0 20018 1
4 0 51796 0
4 0 2941 1
4 0 1815 0
4 0 51243 0
4 0 1964 0
4 0 874 1
4 0 3180 1
4 0 12549 0
4 0 2749 1
4 0 12354 0
4 0 50471 0
4 0 12494 0
4 0 16048 1
4 0 1270 0
4 0 3620 0
4 0 50946 0
4 0 10466 0
4 0 71 1
4 0 12557 0
4 0 2330 1
4 0 3780 1
4 0 12360 0
4 0 3223 1
4 0 357 0
4 0 1616 0
4 0 1478 1
4 0 1479 0
4 0 680 1
5 0 2653 0
5 0 50851 0
5 0 223	1
7 0 3715 0
7 0 1789 0
7 0 669 0
7 0 12485 0
7 0 2653 0
7 0 1781 0
7 0 52066 0
7 0 3656 1
7 0 50006 0
7 0 1548 0
7 0 50956 0
7 0 1372 0
7 0 50167 0
7 0 51954 0
7 0 280 0
7 0 2016 0
7 0 2718 0
7 0 12276 0
7 0 1315 0
7 0 2914 0
7 0 10057 0
7 0 1795 0
7 0 10111 0
7 0 1702 0
7 0 1703 0
7 0 3039 0
7 0 12530 0
7 0 3034 0
7 0 4132 0
7 0 3032 0
7 0 3033 0
7 0 50761 0
7 0 10071 0
7 0 50580 0
7 0 3940 0
7 0 50877 0
7 0 50265 0
7 0 10236 0
7 0 10235 0
7 0 3167 0
7 0 16259 0
7 0 50560 0
7 0 3676 1
7 0 51455 0
7 0 3674 0
7 0 52091 0
7 0 52093 0
7 0 2988 0
7 0 1718 0
7 0 12258 0
7 0 52306 0
7 0 915 0
7 0 12318 0
7 0 3660 0
7 0 1331 1
7 0 1135 0
7 0 50861 0
7 0 50211 0
7 0 386 0
7 0 50981 0
7 0 10034 0
7 0 12455 0
7 0 3018 0
7 0 10183 0
7 0 12004 0
7 0 641 0
7 0 16010 0
7 0 50612 0
7 0 12329 0
7 0 51215 0
7 0 10049 0
7 0 1340 1
7 0 3619 0
7 0 50851 0
7 0 50716 0
7 0 4106 0
7 0 69 0
7 0 4085 0
7 0 12569 0
7 0 2052 0
7 0 51024 0
7 0 971 0
7 0 51436 0
7 0 50759 0
7 0 730 0
7 0 51228 0
7 0 1507 0
7 0 50518 0
7 0 50516 0
7 0 2363 0
7 0 52322 0
7 0 501 0
7 0 2623 0
7 0 52059 0
7 0 1594 0
7 0 51839 0
7 0 226 0
7 0 223 0
7 0 12519 0
7 0 50130 0
7 0 50724 0
7 0 3277 0
7 0 3683 0
7 0 1282 1
7 0 1181 0
7 0 1456 1
7 0 1517 0
7 0 51897 0
7 0 2355 1
7 0 51391 0
7 0 886 0
7 0 52359 0
7 0 3531 0
7 0 51796 0
7 0 518 0
7 0 12549 0
7 0 1814 0
7 0 1815 0
7 0 1488 0
7 0 1619 0
7 0 1616 0
7 0 52223 0
7 0 1445 0
7 0 324 0
7 0 51651 0
7 0 51326 0
7 0 10481 0
7 0 1565 0
7 0 12354 0
7 0 1448 1
7 0 52073 0
7 0 12490 0
7 0 12494 0
7 0 1270 0
7 0 51462 0
7 0 10462 0
7 0 12557 0
7 0 12559 0
7 0 50543 0
7 0 20066 0
7 0 1802 0
7 0 12360 0
7 0 2131 0
7 0 1788 0
7 0 357 0
7 0 1365 1
7 0 51310 0
7 0 12200 0
8 0 52125 0
8 0 2928 0
8 0 555 0
8 0 52293 0
8 0 50583 0
8 0 2770 0
8 0 2454 0
8 0 52251 0
8 0 2456 0
8 0 10330 0
8 0 10418 0
8 0 10215 0
8 0 51619 0
8 0 51404 0
8 0 50953 0
8 0 14055 0
8 0 16236 0
8 0 50534 0
8 0 1774 0
8 0 10284 0
8 0 50065 0
8 0 50459 0
8 0 51583 0
8 0 50456 0
8 0 3517 1
8 0 50976 0
8 0 51553 0
8 0 51133 0
8 0 4088 0
8 0 12237 0
8 0 51228 0
8 0 52328 0
8 0 10269 0
8 0 52016 0
8 0 10245 0
8 0 51227 0
8 0 2457 0
8 0 2116 0
8 0 51615 0
8 0 3489 0
8 0 2443 0
8 0 51287 0
8 0 10069 0
8 0 1214 0
8 0 2463 0
8 0 52345 0
8 0 10056 0
8 0 52361 0
8 0 51923 0
8 0 742 0
8 0 50714 0
8 0 51460 0
8 0 10249 0
8 0 52001 0
8 0 3487 0
8 0 51504 0
8 0 50000 0
8 0 51520 0
8 0 12061 0
8 0 50942 0
8 0 12029 1
8 0 4119 0
8 0 50449 0
8 0 52080 0
8 0 51220 0
8 0 50708 0
8 0 946 0
8 0 51271 0
8 0 4010 0
8 0 51101 0
8 0 50693 0
8 0 12137 0
8 0 16159 0
8 0 51148 0
8 0 51035 0
8 0 16176 0
8 0 1258 0
8 0 52314 0
8 0 50973 0
8 0 51124 0
8 0 370 0
8 0 12360 0
8 0 51835 0
8 0 1381 0
8 0 12265 0
9 0 1718 0
9 0 10067 0
9 0 12485 0
9 0 1815 0
9 0 1321 0
9 0 3557 0
9 0 914 0
9 0 2328 0
9 0 1071 0
9 0 818 0
9 0 50167 0
9 0 51954 0
9 0 12271 0
9 0 283 0
9 0 1672 0
9 0 10357 0
9 0 1158 0
9 0 10056 0
9 0 1795 0
9 0 51043 0
9 0 10202 0
9 0 3335 0
9 0 50434 0
9 0 1702 0
9 0 1703 0
9 0 12530 0
9 0 1706 0
9 0 50679 0
9 0 50560 0
9 0 2411 0
9 0 16171 0
9 0 50769 0
9 0 3844 0
9 0 51078 0
9 0 50174 0
9 0 50813 0
9 0 926 0
9 0 50585 0
9 0 10322 0
9 0 3941 1
9 0 1328 0
9 0 3277 0
9 0 1481 0
9 0 1488 0
9 0 12503 0
9 0 3028 0
9 0 4121 0
9 0 3576 0
9 0 12258 0
9 0 50066 0
9 0 2663 0
9 0 523 0
9 0 1397 0
9 0 533 0
9 0 1392 0
9 0 12318 0
9 0 2393 0
9 0 3660 0
9 0 1632 0
9 0 2765 0
9 0 589 0
9 0 50211 0
9 0 10034 0
9 0 50861 0
9 0 3018 0
9 0 1640 0
9 0 904 0
9 0 20020 0
9 0 12004 0
9 0 12517 0
9 0 12327 0
9 0 2251 0
9 0 50612 0
9 0 12329 0
9 0 3805 0
9 0 62 1
9 0 2474 0
9 0 357 0
9 0 4106 0
9 0 10257 0
9 0 12569 0
9 0 12568 0
9 0 1423 0
9 0 50328 0
9 0 51436 0
9 0 3639 0
9 0 50759 0
9 0 1989 0
9 0 51738 0
9 0 51228 0
9 0 50906 0
9 0 3084 0
9 0 377 0
9 0 3081 0
9 0 10042 0
9 0 2623 0
9 0 3875 0
9 0 1594 0
9 0 51839 0
9 0 227 0
9 0 12519 0
9 0 3885 0
9 0 51236 0
9 0 12246 0
9 0 3683 0
9 0 2363 0
9 0 2115 0
9 0 52020 0
9 0 1517 0
9 0 16033 0
9 0 2691 0
9 0 51391 0
9 0 4083 0
9 0 4085 0
9 0 52041 0
9 0 20090 0
9 0 2633 0
9 0 10160 0
9 0 1314 0
9 0 51796 0
9 0 16195 0
9 0 12549 0
9 0 1366 0
9 0 51243 0
9 0 2131 0
9 0 3104 0
9 0 321 0
9 0 645 0
9 0 12354 0
9 0 50432 0
9 0 52091 0
9 0 202 0
9 0 894 0
9 0 12494 0
9 0 4094 0
9 0 3058 0
9 0 12557 0
9 0 3052 0
9 0 1882 0
9 0 12366 0
9 0 12360 0
9 0 51924 0
9 0 1616 0
9 0 50782 0
9 0 1360 0
9 0 52217 0
9 0 479 0
9 0 51315 0
10 0 2658 0
10 0 133 0
10 0 10116 0
10 0 50086 0
10 0 691 0
10 0 12377 0
10 0 3594 0
10 0 3791 0
10 0 16161 0
10 0 12278 0
10 0 2404 0
10 0 401 0
10 0 51772 0
10 0 50169 0
10 0 12272 0
10 0 50968 0
10 0 3111 1
10 0 3930 0
10 0 1954 0
10 0 122 0
10 0 50278 0
10 0 51560 0
10 0 16263 1
10 0 10119 0
10 0 12060 0
10 0 1499 1
10 0 51443 0
10 0 10441 0
10 0 10096 0
10 0 51279 0
10 0 51373 0
10 0 50407 0
10 0 50672 1
10 0 51411 0
10 0 12150 0
10 0 50409 0
10 0 12143 0
10 0 50070 0
10 0 920 0
10 0 923 0
10 0 924 0
10 0 10329 0
10 0 50876 0
10 0 52007 0
10 0 1127 0
10 0 3141 0
10 0 391 0
10 0 1487 1
10 0 16256 0
10 0 50262 0
10 0 2824 0
10 0 2396 0
10 0 2785 0
10 0 796 0
10 0 2989 0
10 0 836 0
10 0 3578 0
10 0 51365 0
10 0 3572 0
10 0 51978 0
10 0 12155 0
10 0 51974 0
10 0 911 0
10 0 910 0
10 0 51596 0
10 0 3581 1
10 0 10136 0
10 0 52135 0
10 0 1232 0
10 0 3746 0
10 0 51916 0
10 0 447 0
10 0 51683 0
10 0 1931 0
10 0 383 0
10 0 10176 0
10 0 16246 0
10 0 1644 0
10 0 3463 0
10 0 4052 0
10 0 4051 0
10 0 2272 0
10 0 12458 0
10 0 12129 0
10 0 12128 0
10 0 50118 0
10 0 12081 0
10 0 1249 1
10 0 3099 1
10 0 517 0
10 0 458 0
10 0 2298 0
10 0 14035 0
10 0 2861 0
10 0 2457 0
10 0 3004 1
10 0 50990 1
10 0 3292 0
10 0 10388 0
10 0 603 0
10 0 52247 0
10 0 858 0
10 0 12036 0
10 0 2566 0
10 0 12236 0
10 0 3089 0
10 0 3088 1
10 0 3084 1
10 0 2365 0
10 0 12226 0
10 0 465 0
10 0 2775 0
10 0 12025 0
10 0 20004 0
10 0 12022 0
10 0 3667 0
10 0 3284 0
10 0 12245 0
10 0 13 0
10 0 51237 0
10 0 960 0
10 0 50724 0
10 0 3373 0
10 0 50039 0
10 0 51644 0
10 0 1103 0
10 0 12221 0
10 0 111 0
10 0 12342 0
10 0 5026 0
10 0 52168 0
10 0 10273 0
10 0 3902 0
10 0 52290 0
10 0 12252 0
10 0 14014 0
10 0 52299 0
10 0 3062 1
10 0 20015 0
10 0 3069 1
10 0 12193 0
10 0 51419 0
10 0 12469 0
10 0 3093 1
10 0 12293 0
10 0 3346 0
10 0 2138 0
10 0 50844 1
10 0 51657 0
10 0 3975 0
10 0 50020 0
10 0 1752 0
10 0 3910 0
10 0 3688 0
10 0 52177 0
10 0 14006 0
10 0 649 0
10 0 51469 0
10 0 3055 1
10 0 3706 0
10 0 52094 0
10 0 2125 0
10 0 51680 0
10 0 3117 0
10 0 2128 0
10 0 3112 0
10 0 50253 0
10 0 50938 0
10 0 50303 0
10 0 50832 0
10 0 51095 0
10 0 52218 1
10 0 51141 0
10 0 12168 0
10 0 359 0
11 0 458 0
11 0 214 1
11 0 2614 1
11 0 339 1
11 0 3775 0
11 0 2867 0
11 0 2846 1
11 0 197 0
11 0 2430 1
11 0 2296 1
11 0 3101 1
11 0 3328 1
11 0 2315 1
11 0 137 0
11 0 3537 1
11 0 1906 0
11 0 1173 0
11 0 2820 0
11 0 3391 0
11 0 3674 0
11 0 85 1
11 0 1712 0
11 0 896 1
11 0 2523 0
11 0 3250 1
11 0 3650 0
11 0 3796 0
11 0 3022 1
11 0 3636 1
11 0 2160 1
11 0 2033 0
11 0 402 0
11 0 1466 0
11 0 2159 0
11 0 557 0
11 0 891 0
11 0 2817 1
11 0 2845 0
11 0 51814 0
11 0 64 0
11 0 2212 0
11 0 560 0
11 0 3599 0
11 0 2766 1
11 0 2765 0
11 0 2933 0
11 0 3663 1
11 0 108 0
11 0 3265 0
11 0 1496 0
11 0 4111 0
11 0 3054 0
11 0 20097 1
11 0 465 0
11 0 1068 1
11 0 3560 1
11 0 1045 1
11 0 1416 0
11 0 1559 1
11 0 3502 1
11 0 3114 0
11 0 3113 1
11 0 1648 0
11 0 4015 0
11 0 1459 0
11 0 472 1
11 0 2069 0
11 0 1480 0
11 0 290 0
11 0 351 1
11 0 1689 0
11 0 824 1
11 0 3986 0
11 0 1183 0
11 0 1741 1
11 0 1575 0
12 0 12485 0
12 0 3048 0
12 0 51470 0
12 0 10109 0
12 0 50080 0
12 0 1078 0
12 0 3121 0
12 0 50167 0
12 0 51954 0
12 0 1676 0
12 0 10357 0
12 0 1795 0
12 0 52016 0
12 0 1495 0
12 0 3132 0
12 0 51161 0
12 0 1702 0
12 0 1703 0
12 0 12530 0
12 0 1407 0
12 0 1189 0
12 0 12380 0
12 0 50679 0
12 0 50560 0
12 0 12354 0
12 0 50763 0
12 0 3277 0
12 0 12422 0
12 0 2723 0
12 0 1488 0
12 0 50471 0
12 0 50477 0
12 0 12324 0
12 0 1718 0
12 0 12010 0
12 0 12258 0
12 0 51110 0
12 0 1398 0
12 0 51201 0
12 0 12151 0
12 0 12318 0
12 0 3660 0
12 0 1331 0
12 0 50861 0
12 0 50211 0
12 0 50214 0
12 0 10034 0
12 0 20102 0
12 0 10221 0
12 0 4118 0
12 0 12455 0
12 0 3018 0
12 0 3019 0
12 0 12519 0
12 0 51621 0
12 0 12004 0
12 0 3016 0
12 0 50975 0
12 0 50050 0
12 0 50612 0
12 0 12329 0
12 0 2377 0
12 0 1000 0
12 0 1348 0
12 0 50726 0
12 0 52106 0
12 0 3000 0
12 0 4106 0
12 0 52054 0
12 0 10020 0
12 0 12569 0
12 0 2050 0
12 0 51436 0
12 0 3365 0
12 0 50759 0
12 0 51228 0
12 0 16006 0
12 0 52032 0
12 0 50908 0
12 0 52322 0
12 0 52038 0
12 0 2623 0
12 0 639 0
12 0 1594 0
12 0 51839 0
12 0 3075 1
12 0 51837 0
12 0 3280 0
12 0 12453 0
12 0 10232 0
12 0 3683 0
12 0 12238 0
12 0 1517 0
12 0 10276 0
12 0 51391 0
12 0 4085 0
12 0 52359 0
12 0 3630 0
12 0 3061 1
12 0 3060 0
12 0 20016 0
12 0 12191 0
12 0 51796 0
12 0 50248 0
12 0 12549 0
12 0 1815 0
12 0 51243 0
12 0 3236 0
12 0 2131 0
12 0 1616 0
12 0 43 0
12 0 12356 0
12 0 50622 0
12 0 52091 0
12 0 10075 0
12 0 12494 0
12 0 1270 0
12 0 50946 0
12 0 10466 0
12 0 12557 0
12 0 3053 0
12 0 12360 0
12 0 2233 0
12 0 357 0
12 0 1476 0
12 0 50782 0
13 0 10067 0
13 0 50891 0
13 0 50481 0
13 0 10340 0
13 0 3557 0
13 0 2328 0
13 0 1071 0
13 0 818 0
13 0 12271 0
13 0 283 0
13 0 1672 0
13 0 10056 0
13 0 52016 0
13 0 10206 0
13 0 10200 0
13 0 50406 0
13 0 50407 0
13 0 1706 0
13 0 50569 0
13 0 2411 0
13 0 16171 0
13 0 533 0
13 0 3844 0
13 0 50072 0
13 0 50174 0
13 0 50813 0
13 0 2251 0
13 0 10322 0
13 0 3941 0
13 0 1328 0
13 0 1481 0
13 0 52041 0
13 0 12503 0
13 0 52092 0
13 0 51199 0
13 0 3028 0
13 0 51195 0
13 0 4121 0
13 0 3576 0
13 0 50066 0
13 0 52306 0
13 0 51043 0
13 0 51201 0
13 0 1392 0
13 0 50770 0
13 0 2393 0
13 0 2115 0
13 0 50591 0
13 0 4083 0
13 0 2765 0
13 0 50861 0
13 0 50213 0
13 0 589 0
13 0 51625 0
13 0 904 0
13 0 12517 0
13 0 3091 1
13 0 12327 0
13 0 926 0
13 0 10460 0
13 0 3805 0
13 0 10306 0
13 0 62 0
13 0 2474 0
13 0 51983 0
13 0 12568 0
13 0 1632 0
13 0 50120 0
13 0 3639 0
13 0 51433 0
13 0 1989 0
13 0 50901 0
13 0 51738 0
13 0 16001 0
13 0 52243 0
13 0 3084 0
13 0 3081 0
13 0 10042 0
13 0 52038 0
13 0 10402 0
13 0 3875 0
13 0 14011 0
13 0 227 0
13 0 3335 0
13 0 3885 0
13 0 51236 0
13 0 50464 0
13 0 2363 0
13 0 50546 0
13 0 51045 0
13 0 52330 0
13 0 16033 0
13 0 51121 0
13 0 2691 0
13 0 10276 0
13 0 52294 0
13 0 10271 0
13 0 52359 0
13 0 20090 0
13 0 2633 0
13 0 12057 0
13 0 16195 0
13 0 1366 0
13 0 321 0
13 0 5 0
13 0 50152 0
13 0 50389 0
13 0 52073 0
13 0 10070 0
13 0 894 0
13 0 50948 0
13 0 4094 0
13 0 52173 0
13 0 12246 0
13 0 12042 0
13 0 3058 0
13 0 51366 0
13 0 3052 0
13 0 1882 0
13 0 16002 0
13 0 50708 0
13 0 51540 0
13 0 51924 0
13 0 50833 0
13 0 50783 0
13 0 1360 0
13 0 52217 0
13 0 479 0
13 0 51315 0
14 0 1147 1
14 0 50958 0
14 0 3557 0
14 0 3555 1
14 0 3129 1
14 0 50009 1
14 0 12271 0
14 0 2708 0
14 0 51288 1
14 0 1153 1
14 0 914 0
14 0 50374 0
14 0 1751 1
14 0 2499 1
14 0 16171 0
14 0 50769 0
14 0 3844 0
14 0 50174 0
14 0 50766 1
14 0 925 0
14 0 926 0
14 0 1278 0
14 0 2474 0
14 0 1328 0
14 0 1481 0
14 0 2820 0
14 0 50342 0
14 0 50496 0
14 0 3028 0
14 0 3576 0
14 0 50066 0
14 0 51765 0
14 0 51209 1
14 0 51590 1
14 0 50802 1
14 0 50768 1
14 0 3582 0
14 0 2280 1
14 0 2765 0
14 0 2287 1
14 0 102 1
14 0 589 0
14 0 2832 1
14 0 2044 1
14 0 4053 1
14 0 2273 1
14 0 4058 1
14 0 50052 0
14 0 2512 1
14 0 51218 1
14 0 1743 1
14 0 1002 0
14 0 4069 1
14 0 2837 1
14 0 10322 0
14 0 50322 1
14 0 171 0
14 0 10256 0
14 0 4063 1
14 0 1632 0
14 0 1424 0
14 0 52041 0
14 0 3515 0
14 0 1989 0
14 0 737 0
14 0 50906 0
14 0 12334 1
14 0 3084 0
14 0 52249 1
14 0 1803 0
14 0 225 1
14 0 10160 0
14 0 51836 1
14 0 12246 0
14 0 52236 1
14 0 16033 1
14 0 2691 0
14 0 2690 0
14 0 10275 0
14 0 3639 0
14 0 20090 0
14 0 2633 0
14 0 3426 1
14 0 12050 0
14 0 3534 1
14 0 3539 1
14 0 237 1
14 0 3197 1
14 0 50737 0
14 0 2130 0
14 0 3105 1
14 0 4002 1
14 0 3100 0
14 0 50845 0
14 0 1695 1
14 0 3181 1
14 0 1758 1
14 0 2507 1
14 0 2506 1
14 0 51325 1
14 0 50921 1
14 0 2873 0
14 0 894 0
14 0 50948 1
14 0 3624 1
14 0 12043 1
14 0 3703 1
14 0 3052 0
14 0 1882 0
14 0 3540 1
14 0 52192 0
14 0 12361 0
14 0 3548 1
14 0 3549 0
14 0 51924 0
14 0 3191 1
14 0 10085 1
14 0 51887 0
14 0 479 0
14 0 51315 0
14 0 50656 1
15 0 1304 0
15 0 2710 0
15 0 1302 1
15 0 3592 0
15 0 1261 0
15 0 3648 0
15 0 3920 0
15 0 156 0
15 0 50366 0
15 0 1963 0
15 0 2525 0
15 0 20075 0
15 0 775 0
15 0 3120 0
15 0 20078 0
15 0 2154 0
15 0 341 0
15 0 3996 0
15 0 3993 0
15 0 2010 0
15 0 2408 0
15 0 12276 0
15 0 2708 0
15 0 718 0
15 0 1440 0
15 0 2628 0
15 0 1795 0
15 0 4030 0
15 0 1346 0
15 0 126 1
15 0 4036 0
15 0 3645 0
15 0 10209 0
15 0 1069 0
15 0 2557 0
15 0 1418 0
15 0 415 0
15 0 3847 1
15 0 51079 0
15 0 1662 0
15 0 538 0
15 0 10260 0
15 0 2474 0
15 0 1081 0
15 0 2478 0
15 0 10232 0
15 0 3143 0
15 0 396 0
15 0 3305 1
15 0 118 1
15 0 414 1
15 0 2540 0
15 0 1855 0
15 0 3388 0
15 0 2079 0
15 0 1015 1
15 0 1650 0
15 0 2075 0
15 0 2442 0
15 0 584 0
15 0 3811 1
15 0 2600 0
15 0 1336 0
15 0 2608 0
15 0 247 0
15 0 2526 0
15 0 3154 1
15 0 3393 0
15 0 1747 0
15 0 51186 0
15 0 20024 0
15 0 925 0
15 0 2378 0
15 0 647 0
15 0 1530 0
15 0 1007 1
15 0 1226 0
15 0 3949 0
15 0 452 0
15 0 333 0
15 0 50759 0
15 0 50209 0
15 0 1421 0
15 0 1424 0
15 0 2206 0
15 0 2885 0
15 0 1732 0
15 0 1734 0
15 0 3514 0
15 0 1507 0
15 0 52326 0
15 0 51139 0
15 0 2363 0
15 0 2115 0
15 0 52038 0
15 0 3879 0
15 0 1359 0
15 0 3632 0
15 0 562 0
15 0 2588 0
15 0 1040 1
15 0 52073 0
15 0 2186 0
15 0 3289 0
15 0 1916 0
15 0 1026 1
15 0 4078 0
15 0 3277 1
15 0 1184 0
15 0 2754 0
15 0 2518 0
15 0 408 0
15 0 2106 0
15 0 2691 0
15 0 2829 0
15 0 742 0
15 0 10271 0
15 0 16210 0
15 0 52352 0
15 0 3631 0
15 0 3067 0
15 0 239 0
15 0 10365 0
15 0 232 0
15 0 951 0
15 0 2139 0
15 0 322 0
15 0 1445 0
15 0 2030 0
15 0 3872 0
15 0 52280 0
15 0 50945 0
15 0 613 0
15 0 3356 0
15 0 3867 0
15 0 1608 0
15 0 2332 0
15 0 1286 1
15 0 2334 0
15 0 2237 0
16 0 3834 0
16 0 742 0
16 0 2905 0
16 0 1263 0
16 0 12106 0
16 0 3041 1
16 0 3069 1
16 0 50344 0
16 0 3303 0
16 0 10389 0
16 0 3158 1
16 0 16211 0
16 0 50686 0
16 0 52249 0
16 0 50322 0
16 0 12234 0
16 0 1299 0
16 0 50921 0
16 0 3997 0
16 0 3084 1
16 0 1395 0
16 0 50924 0
16 0 50040 0
16 0 3231 0
16 0 50415 0
16 0 50645 0
16 0 1212 0
16 0 51643 0
16 0 14043 0
16 0 1274 0
16 0 12042 0
16 0 10429 0
16 0 10449 0
16 0 12430 0
16 0 16188 0
16 0 1881 0
16 0 51835 0
16 0 2212 0
16 0 3566 0
16 0 1020 0
16 0 1978 0
16 0 3686 0
16 0 1721 0
16 0 50325 0
16 0 51319 0
16 0 50178 0
16 0 50768 0
16 0 3094 1
16 0 12302 0
16 0 12341 0
16 0 50503 0
17 0 1143 1
17 0 10060 0
17 0 2713 0
17 0 2652 0
17 0 665 0
17 0 50480 1
17 0 10213 0
17 0 2092 0
17 0 3799 0
17 0 3798 0
17 0 50248 1
17 0 50555 1
17 0 50009 0
17 0 12400 0
17 0 51773 0
17 0 51890 0
17 0 50386 0
17 0 2465 0
17 0 10288 0
17 0 3833 0
17 0 1792 0
17 0 1151 0
17 0 1099 0
17 0 50965 0
17 0 1703 0
17 0 14068 0
17 0 3132 1
17 0 10442 0
17 0 1069 0
17 0 1563 0
17 0 51168 0
17 0 1060 0
17 0 3031 0
17 0 50560 0
17 0 828 0
17 0 12384 0
17 0 51072 0
17 0 2250 0
17 0 3826 0
17 0 3825 0
17 0 51474 0
17 0 3276 1
17 0 117 0
17 0 3145 1
17 0 118 0
17 0 50471 0
17 0 1710 0
17 0 12507 0
17 0 12505 0
17 0 363 0
17 0 3812 0
17 0 3748 0
17 0 3741 0
17 0 3263 1
17 0 50356 0
17 0 51054 0
17 0 3018 0
17 0 51171 0
17 0 51621 0
17 0 12002 0
17 0 2675 0
17 0 647 0
17 0 1348 0
17 0 3367 0
17 0 50852 0
17 0 50850 0
17 0 2451 0
17 0 2926 0
17 0 3001 0
17 0 2050 0
17 0 3216 1
17 0 3457 0
17 0 51343 1
17 0 1587 0
17 0 3514 0
17 0 52245 0
17 0 650 0
17 0 50513 0
17 0 52053 0
17 0 3873 0
17 0 51936 0
17 0 1594 1
17 0 3170 1
17 0 3177 1
17 0 51835 0
17 0 3203 1
17 0 1184 0
17 0 3116 0
17 0 1516 0
17 0 3969 0
17 0 1163 0
17 0 20068 0
17 0 12540 0
17 0 231 0
17 0 232 0
17 0 12299 0
17 0 3108 1
17 0 3832 0
17 0 51009 0
17 0 49 0
17 0 51557 0
17 0 20070 0
17 0 52227 0
17 0 3769 0
17 0 51496 0
17 0 51152 0
17 0 10485 0
17 0 51492 0
17 0 670 0
17 0 10376 0
17 0 2970 0
17 0 51783 0
17 0 1529 0
17 0 1041 0
17 0 51364 0
17 0 51548 0
17 0 3785 0
17 0 3224 1
17 0 51542 0
17 0 50702 0
17 0 50018 0
17 0 51090 0
17 0 51661 0
17 0 807 0
18 0 10067 0
18 0 12485 0
18 0 1815 0
18 0 1321 0
18 0 692 0
18 0 2328 0
18 0 1071 0
18 0 818 0
18 0 50167 0
18 0 51954 0
18 0 12271 0
18 0 283 0
18 0 1672 0
18 0 10357 0
18 0 1158 0
18 0 10056 0
18 0 1795 0
18 0 51043 0
18 0 10202 0
18 0 3335 0
18 0 50434 0
18 0 1702 0
18 0 1703 0
18 0 12530 0
18 0 1706 0
18 0 50679 0
18 0 50560 0
18 0 2411 0
18 0 16171 0
18 0 50769 0
18 0 3844 0
18 0 51078 0
18 0 50174 0
18 0 50813 0
18 0 926 0
18 0 50585 0
18 0 10322 0
18 0 3941 0
18 0 1328 0
18 0 3277 0
18 0 1481 0
18 0 1488 0
18 0 12503 0
18 0 3028 0
18 0 4121 0
18 0 3576 0
18 0 12258 0
18 0 50066 0
18 0 2663 0
18 0 523 0
18 0 1397 0
18 0 533 0
18 0 1392 0
18 0 12318 0
18 0 2393 0
18 0 3557 0
18 0 3660 0
18 0 1632 0
18 0 2765 0
18 0 589 0
18 0 50211 0
18 0 10034 0
18 0 50861 0
18 0 1517 0
18 0 3018 0
18 0 1640 0
18 0 904 0
18 0 20020 0
18 0 12004 0
18 0 12517 0
18 0 12327 0
18 0 2251 0
18 0 50612 0
18 0 12329 0
18 0 3805 0
18 0 62 0
18 0 2474 0
18 0 357 0
18 0 4106 0
18 0 10257 0
18 0 12569 0
18 0 12568 0
18 0 1423 0
18 0 50328 0
18 0 51436 0
18 0 3639 0
18 0 50759 0
18 0 1989 0
18 0 51738 0
18 0 51228 0
18 0 50906 0
18 0 3084 0
18 0 377 0
18 0 3081 0
18 0 10042 0
18 0 2623 0
18 0 3875 0
18 0 1594 0
18 0 51839 0
18 0 227 0
18 0 12519 0
18 0 3885 0
18 0 51236 0
18 0 12246 0
18 0 3683 0
18 0 2363 0
18 0 2115 0
18 0 52020 0
18 0 50639 0
18 0 16033 0
18 0 2691 0
18 0 51391 0
18 0 4083 0
18 0 4085 0
18 0 52041 0
18 0 20090 0
18 0 2633 0
18 0 10160 0
18 0 1314 0
18 0 51796 0
18 0 16195 0
18 0 12549 0
18 0 1366 0
18 0 51243 0
18 0 2131 0
18 0 1616 0
18 0 321 0
18 0 645 0
18 0 12354 0
18 0 50432 0
18 0 52091 1
18 0 202 0
18 0 894 0
18 0 12494 0
18 0 4094 0
18 0 3058 0
18 0 12557 0
18 0 3052 0
18 0 1882 0
18 0 12366 0
18 0 12360 0
18 0 51924 0
18 0 50782 0
18 0 1360 0
18 0 52217 0
18 0 479 0
18 0 51315 0
20 0 10062 0
20 0 50896 0
20 0 50488 0
20 0 10298 0
20 0 50481 0
20 0 50892 0
20 0 50000 0
20 0 51175 0
20 0 51576 0
20 0 3124 0
20 0 50796 0
20 0 400 1
20 0 1096 0
20 0 1090 0
20 0 2705 0
20 0 3936 0
20 0 12069 0
20 0 3408 0
20 0 51879 0
20 0 10197 0
20 0 12388 0
20 0 50569 0
20 0 50178 0
20 0 50179 0
20 0 12145 0
20 0 12144 0
20 0 3773 1
20 0 50584 0
20 0 50871 0
20 0 12420 0
20 0 2768 0
20 0 50184 0
20 0 12428 0
20 0 10124 0
20 0 1712 0
20 0 51366 0
20 0 12390 0
20 0 2666 0
20 0 12097 0
20 0 2660 0
20 0 52158 0
20 0 51206 0
20 0 3959 0
20 0 585 0
20 0 298 0
20 0 50591 0
20 0 52373 0
20 0 50002 0
20 0 51997 0
20 0 10223 0
20 0 51186 0
20 0 12007 0
20 0 51421 0
20 0 3804 0
20 0 2451 0
20 0 51828 0
20 0 51984 0
20 0 50999 0
20 0 3292 1
20 0 51024 0
20 0 51639 0
20 0 1581 0
20 0 50902 0
20 0 2365 0
20 0 2364 0
20 0 12332 0
20 0 755 0
20 0 51772 0
20 0 12024 0
20 0 1867 0
20 0 50237 0
20 0 51833 0
20 0 1914 1
20 0 16224 0
20 0 12472 0
20 0 12479 0
20 0 1183 0
20 0 12109 0
20 0 51481 0
20 0 51641 0
20 0 50525 0
20 0 16030 0
20 0 52298 0
20 0 20015 0
20 0 51793 0
20 0 50733 0
20 0 51710 0
20 0 3106 0
20 0 51001 0
20 0 3977 0
20 0 12357 0
20 0 52179 0
20 0 10265 0
20 0 50664 0
20 0 51528 0
20 0 12413 0
20 0 4016 0
20 0 51091 0
20 0 50399 0
20 0 12169 0
20 0 50788 0
21 0 2712 0
21 0 1141 0
21 0 1148 0
21 0 2654 0
21 0 10453 0
21 0 10457 0
21 0 50084 0
21 0 3651 0
21 0 20074 0
21 0 1545 0
21 0 347 0
21 0 2153 0
21 0 1312 0
21 0 52011 0
21 0 2852 0
21 0 51565 0
21 0 3648 0
21 0 1555 0
21 0 59 0
21 0 12445 0
21 0 1066 0
21 0 16179 0
21 0 1320 0
21 0 3678 0
21 0 1924 0
21 0 87 0
21 0 2447 0
21 0 2309 0
21 0 2787 0
21 0 831 0
21 0 50476 0
21 0 50573 0
21 0 12010 0
21 0 2387 0
21 0 51590 0
21 0 50102 0
21 0 2074 0
21 0 583 0
21 0 2283 0
21 0 51633 0
21 0 51505 0
21 0 4055 0
21 0 12003 0
21 0 1241 0
21 0 643 0
21 0 642 1
21 0 1209 0
21 0 51581 0
21 0 1001 0
21 0 2162 0
21 0 3597 0
21 0 3353 0
21 0 3807 0
21 0 575 0
21 0 1228 0
21 0 65 0
21 0 1908 0
21 0 1871 0
21 0 1907 0
21 0 2201 0
21 0 1984 0
21 0 1589 0
21 0 3456 0
21 0 3459 0
21 0 3695 0
21 0 1989 0
21 0 52036 0
21 0 12231 0
21 0 3088 0
21 0 2368 0
21 0 2112 0
21 0 3082 0
21 0 568 0
21 0 52349 0
21 0 561 0
21 0 2629 0
21 0 1919 0
21 0 12026 0
21 0 2180 0
21 0 1912 0
21 0 50514 0
21 0 634 1
21 0 12349 0
21 0 50030 0
21 0 601 1
21 0 609 0
21 0 12199 0
21 0 12056 0
21 0 2946 0
21 0 3349 0
21 0 3109 0
21 0 1964 0
21 0 50739 0
21 0 3100 0
21 0 50023 0
21 0 50924 0
21 0 3189 0
21 0 1174 0
21 0 2722 0
21 0 1171 0
21 0 51467 0
21 0 3704 0
21 0 2973 0
21 0 481 0
21 0 512 0
21 0 50154 0
21 0 3989 0
21 0 50650 0
21 0 1761 0
21 0 2537 0
22 0 1304 0
22 0 2710 0
22 0 1302 0
22 0 3592 0
22 0 1261 0
22 0 3648 0
22 0 51472 0
22 0 799 0
22 0 50366 0
22 0 2525 0
22 0 2526 0
22 0 775 0
22 0 2324 0
22 0 3120 0
22 0 20078 0
22 0 2154 0
22 0 341 0
22 0 3993 0
22 0 2010 0
22 0 2408 0
22 0 408 0
22 0 2708 0
22 0 718 0
22 0 3485 0
22 0 126 0
22 0 4036 0
22 0 3645 0
22 0 1069 0
22 0 2557 0
22 0 1418 0
22 0 415 0
22 0 2075 0
22 0 3847 0
22 0 51079 0
22 0 1662 0
22 0 52280 0
22 0 2474 0
22 0 1081 0
22 0 10328 0
22 0 2092 0
22 0 2478 0
22 0 10232 0
22 0 3143 0
22 0 396 0
22 0 3305 0
22 0 118 0
22 0 414 0
22 0 2540 0
22 0 1855 0
22 0 3388 0
22 0 50109 0
22 0 2079 0
22 0 1015 0
22 0 1650 0
22 0 1528 1
22 0 50770 0
22 0 2442 0
22 0 584 0
22 0 3811 0
22 0 2600 0
22 0 1336 0
22 0 2608 0
22 0 247 0
22 0 20075 0
22 0 3154 0
22 0 3393 0
22 0 20024 0
22 0 925 0
22 0 1007 0
22 0 51217 0
22 0 1226 0
22 0 452 0
22 0 333 0
22 0 50209 0
22 0 10257 0
22 0 1421 0
22 0 1424 0
22 0 2206 0
22 0 2885 0
22 0 1732 0
22 0 1734 0
22 0 12035 0
22 0 1507 0
22 0 52326 0
22 0 2363 0
22 0 2115 0
22 0 3879 0
22 0 1359 0
22 0 3632 0
22 0 3872 1
22 0 2588 0
22 0 2186 0
22 0 1916 0
22 0 1026 0
22 0 4078 0
22 0 3277 0
22 0 1184 0
22 0 2893 1
22 0 2754 1
22 0 2518 0
22 0 51643 0
22 0 3067 0
22 0 1747 0
22 0 2106 0
22 0 742 1
22 0 16210 0
22 0 52352 0
22 0 10369 0
22 0 239 0
22 0 10365 0
22 0 232 0
22 0 951 0
22 0 562 0
22 0 1963 0
22 0 322 0
22 0 50380 1
22 0 2030 0
22 0 12276 1
22 0 2628 0
22 0 10260 0
22 0 613 0
22 0 3867 0
22 0 1608 0
22 0 2332 0
22 0 1286 0
22 0 2334 0
23 0 1302 0
23 0 1781 0
23 0 2651 1
23 0 3724 0
23 0 3651 0
23 0 3799 0
23 0 3798 0
23 0 29 0
23 0 2155 0
23 0 341 0
23 0 936 0
23 0 2916 1
23 0 3833 0
23 0 1099 0
23 0 967 0
23 0 10301 0
23 0 126 0
23 0 4038 0
23 0 10209 0
23 0 1556 0
23 0 3847 0
23 0 1383 0
23 0 2901 1
23 0 3811 0
23 0 81 0
23 0 10127 0
23 0 837 1
23 0 2984 0
23 0 1256 0
23 0 2079 0
23 0 2662 1
23 0 1271 0
23 0 1015 0
23 0 1650 0
23 0 363 0
23 0 3666 0
23 0 3748 0
23 0 441 0
23 0 3740 0
23 0 240 0
23 0 103 0
23 0 1938 0
23 0 20103 0
23 0 2279 0
23 0 1845 0
23 0 2049 0
23 0 647 0
23 0 1007 0
23 0 3098 0
23 0 2250 0
23 0 2371 0
23 0 3596 0
23 0 2291 0
23 0 333 0
23 0 332 0
23 0 61 0
23 0 258 0
23 0 68 0
23 0 173 0
23 0 2200 0
23 0 1738 0
23 0 2880 1
23 0 851 1
23 0 2207 0
23 0 156 0
23 0 3360 0
23 0 3879 0
23 0 1608 0
23 0 10316 0
23 0 3526 0
23 0 3520 0
23 0 1911 0
23 0 1026 0
23 0 961 0
23 0 3883 0
23 0 3444 0
23 0 2891 1
23 0 1028 0
23 0 2519 0
23 0 1745 0
23 0 2107 0
23 0 2511 0
23 0 2862 0
23 0 745 1
23 0 50018 0
23 0 2631 1
23 0 3739 0
23 0 3536 1
23 0 1896 0
23 0 3507 1
23 0 232 0
23 0 49 0
23 0 992 0
23 0 2139 0
23 0 2747 1
23 0 10482 0
23 0 50620 0
23 0 4093 0
23 0 777 1
23 0 893 1
23 0 613 0
23 0 489 0
23 0 484 0
23 0 3545 1
23 0 1286 0
23 0 4013 0
23 0 879 1
23 0 942 0
23 0 2237 0
23 0 2236 0
23 0 50429 0
23 0 2533 0
23 0 1765 0
23 0 3981 0
23 0 125 0
24 0 2965 1
24 0 2966 1
24 0 2717 1
24 0 4021 0
24 0 51478 1
24 0 2099 0
24 0 1545 0
24 0 695 1
24 0 2487 1
24 0 1839 0
24 0 1778 0
24 0 2150 0
24 0 51064 1
24 0 2013 0
24 0 2464 0
24 0 1315 0
24 0 10059 0
24 0 1098 0
24 0 2857 1
24 0 2702 1
24 0 260 0
24 0 1229 0
24 0 3563 0
24 0 1828 0
24 0 1708 0
24 0 1821 0
24 0 2259 0
24 0 10046 0
24 0 1480 0
24 0 4045 0
24 0 793 1
24 0 4041 0
24 0 12251 0
24 0 50476 0
24 0 3573 1
24 0 1520 0
24 0 1250 0
24 0 529 0
24 0 1235 0
24 0 3663 0
24 0 2763 1
24 0 4117 0
24 0 1935 0
24 0 4066 0
24 0 3501 0
24 0 51427 0
24 0 3469 0
24 0 2922 0
24 0 2450 0
24 0 2295 0
24 0 880 1
24 0 10251 0
24 0 51820 0
24 0 10253 0
24 0 2881 1
24 0 2886 0
24 0 50751 0
24 0 852 0
24 0 853 1
24 0 1733 0
24 0 1586 0
24 0 2111 0
24 0 188 0
24 0 756 1
24 0 754 0
24 0 3522 0
24 0 3204 0
24 0 2216 0
24 0 17 0
24 0 16 0
24 0 2896 1
24 0 867 1
24 0 2751 1
24 0 50526 0
24 0 2863 1
24 0 3639 1
24 0 3064 0
24 0 1891 0
24 0 4009 0
24 0 51245 0
24 0 50737 0
24 0 50383 0
24 0 50439 0
24 0 1449 0
24 0 50025 1
24 0 2871 1
24 0 2721 1
24 0 2878 1
24 0 778 0
24 0 2729 1
24 0 3918 0
24 0 3355 0
24 0 3054 0
24 0 1811 0
24 0 4019 0
24 0 3229 0
24 0 4017 0
24 0 3112 0
24 0 809 1
24 0 2001 0
24 0 1763 0
24 0 1766 0
25 0 3649 0
25 0 50957 0
25 0 1784 0
25 0 1961 0
25 0 50360 0
25 0 51471 0
25 0 3655 0
25 0 4029 0
25 0 3554 0
25 0 2325 0
25 0 23 0
25 0 3250 0
25 0 51264 0
25 0 542 0
25 0 543 0
25 0 527 0
25 0 2246 0
25 0 2158 0
25 0 286 0
25 0 3489 0
25 0 2467 0
25 0 1313 0
25 0 1158 0
25 0 676 0
25 0 1345 0
25 0 50374 0
25 0 3641 0
25 0 3640 0
25 0 2550 0
25 0 51373 0
25 0 51974 0
25 0 50670 0
25 0 1708 0
25 0 4131 0
25 0 12143 0
25 0 10216 0
25 0 2668 0
25 0 51945 0
25 0 1835 0
25 0 51290 0
25 0 3946 0
25 0 52005 0
25 0 392 0
25 0 2823 0
25 0 50664 0
25 0 790 0
25 0 1852 0
25 0 1718 0
25 0 2788 0
25 0 12315 0
25 0 2262 0
25 0 422 0
25 0 1012 0
25 0 448 0
25 0 3116 0
25 0 10337 0
25 0 2285 0
25 0 50358 0
25 0 388 0
25 0 3268 0
25 0 12457 0
25 0 12456 0
25 0 842 0
25 0 909 1
25 0 3017 0
25 0 1720 0
25 0 50325 0
25 0 2017716 1
25 0 1246 0
25 0 50504 0
25 0 50110 0
25 0 50619 0
25 0 2160 0
25 0 623 0
25 0 620 0
25 0 626 0
25 0 3618 0
25 0 455 0
25 0 2050 0
25 0 50124 0
25 0 1425 0
25 0 1731 0
25 0 50606 0
25 0 654 0
25 0 505 0
25 0 2626 0
25 0 1214 0
25 0 639 0
25 0 52116 0
25 0 52081 0
25 0 3175 0
25 0 51234 0
25 0 3891 0
25 0 51230 0
25 0 3379 0
25 0 1773 0
25 0 969 0
25 0 1104 0
25 0 51641 0
25 0 50634 0
25 0 51125 0
25 0 51336 0
25 0 51392 0
25 0 1167 0
25 0 52293 0
25 0 10002 0
25 0 3635 0
25 0 1168 0
25 0 12051 0
25 0 235 0
25 0 52197 0
25 0 2225 0
25 0 1612 0
25 0 2223 0
25 0 51326 0
25 0 50611 0
25 0 1173 0
25 0 16048 0
25 0 52074 0
25 0 898 0
25 0 10173 0
25 0 50057 0
25 0 485 0
25 0 51707 0
25 0 2083 0
25 0 1049 0
25 0 50653 0
26 0 51196 0
26 0 3928 0
26 0 50899 0
26 0 20053 1
26 0 12375 0
26 0 10183 1
26 0 12377 0
26 0 51266 0
26 0 12176 0
26 0 51885 0
26 0 12359 0
26 0 3995 0
26 0 51066 0
26 0 50646 0
26 0 349 0
26 0 51110 0
26 0 50969 0
26 0 12106 0
26 0 10282 0
26 0 51567 0
26 0 51448 0
26 0 12065 0
26 0 12537 0
26 0 12475 0
26 0 1557 0
26 0 12385 0
26 0 1063 1
26 0 12538 0
26 0 12539 0
26 0 50433 0
26 0 50813 0
26 0 2149 0
26 0 51297 0
26 0 12490 0
26 0 3141 0
26 0 51513 0
26 0 10072 0
26 0 51455 1
26 0 10436 1
26 0 52093 0
26 0 12398 0
26 0 4123 1
26 0 12016 0
26 0 3388 0
26 0 4124 1
26 0 50108 0
26 0 52304 0
26 0 12155 0
26 0 12151 0
26 0 10136 0
26 0 51994 0
26 0 50190 0
26 0 52331 0
26 0 51590 0
26 0 10420 0
26 0 12520 0
26 0 12451 1
26 0 12376 0
26 0 12043 0
26 0 12007 0
26 0 52088 0
26 0 12512 0
26 0 1537 0
26 0 12322 0
26 0 12084 0
26 0 1533 0
26 0 1531 0
26 0 51962 0
26 0 51581 0
26 0 51967 0
26 0 52102 0
26 0 52102 0
26 0 10307 0
26 0 451 0
26 0 50195 0
26 0 51939 0
26 0 50320 0
26 0 50207 0
26 0 10252 0
26 0 16234 0
26 0 10021 0
26 0 12446 0
26 0 973 0
26 0 50689 0
26 0 50324 0
26 0 12563 0
26 0 12037 0
26 0 51433 0
26 0 12567 0
26 0 12234 0
26 0 16006 0
26 0 50904 0
26 0 12232 0
26 0 50283 0
26 0 12336 0
26 0 12339 0
26 0 14023 0
26 0 3601 0
26 0 2626 0
26 0 52348 1
26 0 51089 0
26 0 12188 0
26 0 12185 0
26 0 12182 0
26 0 51835 0
26 0 51414 0
26 0 51893 0
26 0 51036 0
26 0 962 1
26 0 963 1
26 0 50417 0
26 0 12109 0
26 0 51129 0
26 0 51484 1
26 0 12340 0
26 0 51126 0
26 0 2694 0
26 0 12228 0
26 0 52281 0
26 0 52290 0
26 0 14017 0
26 0 10150 0
26 0 12051 1
26 0 12196 0
26 0 2136 0
26 0 12113 0
26 0 10089 0
26 0 12116 0
26 0 12210 0
26 0 51329 0
26 0 12350 0
26 0 51490 0
26 0 50622 0
26 0 4092 1
26 0 12492 0
26 0 52314 0
26 0 14000 0
26 0 12255 0
26 0 12042 0
26 0 51460 0
26 0 51714 0
26 0 12280 0
26 0 12281 0
26 0 51466 0
26 0 10372 0
26 0 52197 0
26 0 51215 0
26 0 50258 0
26 0 51709 0
26 0 52215 0
26 0 51144 0
27 0 1789 0
27 0 214 0
27 0 50892 1
27 0 2846 0
27 0 2845 0
27 0 2841 0
27 0 2597 0
27 0 137 1
27 0 3650 0
27 0 25 1
27 0 2321 1
27 0 2523 0
27 0 1110 0
27 0 1077 0
27 0 3797 1
27 0 3796 0
27 0 402 0
27 0 2400 0
27 0 1675 0
27 0 2017 0
27 0 1466 0
27 0 2159 0
27 0 3990 0
27 0 3836 1
27 0 261 0
27 0 1496 0
27 0 128 1
27 0 3139 1
27 0 3641 0
27 0 1068 0
27 0 3560 0
27 0 1559 0
27 0 3568 0
27 0 2315 0
27 0 51766 1
27 0 2069 0
27 0 2394 0
27 0 824 0
27 0 1415 0
27 0 290 0
27 0 3773 1
27 0 3775 0
27 0 197 0
27 0 1480 0
27 0 51847 0
27 0 51814 0
27 0 2820 0
27 0 85 0
27 0 1712 0
27 0 1711 0
27 0 415 0
27 0 3022 0
27 0 3021 1
27 0 523 0
27 0 448 0
27 0 3663 0
27 0 2449 0
27 0 2766 0
27 0 2765 0
27 0 2933 0
27 0 3152 1
27 0 108 1
27 0 3265 0
27 0 4111 0
27 0 907 0
27 0 3502 0
27 0 1648 0
27 0 3506 0
27 0 1459 0
27 0 1416 0
27 0 2160 0
27 0 2163 0
27 0 458 0
27 0 2614 0
27 0 339 0
27 0 3615 0
27 0 3599 0
27 0 2296 0
27 0 4101 0
27 0 62 0
27 0 259 0
27 0 64 0
27 0 1906 0
27 0 972 0
27 0 185 0
27 0 2817 0
27 0 560 0
27 0 10391 0
27 0 20008 1
27 0 465 0
27 0 2212 0
27 0 1621 0
27 0 1021 0
27 0 3200 1
27 0 1183 0
27 0 721 0
27 0 2350 0
27 0 1741 0
27 0 2867 0
27 0 3636 0
27 0 557 0
27 0 2430 0
27 0 3537 0
27 0 1619 0
27 0 1965 0
27 0 3101 0
27 0 323 0
27 0 1117 1
27 0 891 0
27 0 1173 0
27 0 896 0
27 0 4094 0
27 0 10172 0
27 0 3350 0
27 0 3054 1
27 0 3986 0
27 0 2121 0
27 0 2332 0
27 0 1045 0
27 0 3114 0
27 0 3113 0
27 0 4015 0
27 0 472 0
27 0 351 0
27 0 1689 0
27 0 51885 0
27 0 1575 0
30 0 1304 1
30 0 2710 0
30 0 1302 0
30 0 3592 0
30 0 1261 0
30 0 3648 0
30 0 3920 0
30 0 156 0
30 0 50366 0
30 0 2139 0
30 0 2525 0
30 0 20075 0
30 0 775 0
30 0 3120 0
30 0 20078 0
30 0 2154 0
30 0 341 0
30 0 3996 0
30 0 3993 0
30 0 2010 0
30 0 2408 0
30 0 12276 0
30 0 2708 0
30 0 718 0
30 0 1440 0
30 0 2628 0
30 0 1795 0
30 0 4030 0
30 0 1346 0
30 0 126 0
30 0 4036 0
30 0 3645 0
30 0 10209 0
30 0 1069 0
30 0 2557 1
30 0 1418 0
30 0 415 0
30 0 3847 0
30 0 51079 0
30 0 1662 0
30 0 538 0
30 0 10260 0
30 0 2474 0
30 0 1081 0
30 0 2478 0
30 0 3277 0
30 0 3143 0
30 0 396 0
30 0 3305 0
30 0 118 0
30 0 414 0
30 0 2540 0
30 0 1855 0
30 0 3388 0
30 0 2079 0
30 0 1015 0
30 0 1650 0
30 0 2075 0
30 0 2442 0
30 0 584 0
30 0 3811 0
30 0 2600 0
30 0 1336 1
30 0 2608 0
30 0 247 0
30 0 2526 0
30 0 3154 0
30 0 10220 0
30 0 3393 0
30 0 1747 0
30 0 51186 0
30 0 20024 0
30 0 925 1
30 0 2378 0
30 0 647 0
30 0 1530 0
30 0 1007 0
30 0 1226 0
30 0 3949 0
30 0 452 0
30 0 333 0
30 0 50759 1
30 0 50209 0
30 0 1421 0
30 0 1424 0
30 0 2206 0
30 0 2885 0
30 0 1732 0
30 0 1734 0
30 0 3514 0
30 0 1507 0
30 0 52326 0
30 0 2363 0
30 0 2115 0
30 0 52038 0
30 0 3879 0
30 0 1359 0
30 0 755 0
30 0 3632 0
30 0 562 0
30 0 2588 0
30 0 3527 0
30 0 1040 0
30 0 52073 0
30 0 2186 0
30 0 3289 0
30 0 1916 0
30 0 1026 0
30 0 4078 0
30 0 1184 0
30 0 2754 0
30 0 2518 0
30 0 408 0
30 0 2106 0
30 0 2691 0
30 0 742 0
30 0 10271 0
30 0 16210 0
30 0 52352 0
30 0 3631 0
30 0 3067 0
30 0 239 0
30 0 10365 0
30 0 232 0
30 0 951 0
30 0 1963 0
30 0 322 0
30 0 2030 0
30 0 3872 0
30 0 52280 0
30 0 50945 0
30 0 613 0
30 0 3356 0
30 0 3867 0
30 0 1608 0
30 0 2332 0
30 0 1286 0
30 0 2334 0
30 0 2237 0
31 0 50896 0
31 0 50236 0
31 0 691 0
31 0 12403 0
31 0 16161 0
31 0 12278 0
31 0 401 0
31 0 281 0
31 0 12272 0
31 0 51280 0
31 0 50961 0
31 0 1492 0
31 0 51567 0
31 0 51560 0
31 0 10200 0
31 0 10119 0
31 0 51445 1
31 0 10115 0
31 0 51443 0
31 0 51279 0
31 0 51373 0
31 0 50407 0
31 0 51375 0
31 0 51271 0
31 0 50409 0
31 0 12306 0
31 0 52142 0
31 0 12262 0
31 0 12148 0
31 0 50114 0
31 0 3950 0
31 0 1120 0
31 0 310 0
31 0 2774 0
31 0 2775 0
31 0 2995 0
31 0 391 0
31 0 50267 0
31 0 50261 0
31 0 796 0
31 0 836 0
31 0 52094 0
31 0 51365 0
31 0 51195 0
31 0 1852 0
31 0 50101 0
31 0 2071 0
31 0 911 0
31 0 910 0
31 0 51971 0
31 0 52135 0
31 0 51916 0
31 0 920 0
31 0 100 0
31 0 3314 0
31 0 51054 0
31 0 845 1
31 0 3463 0
31 0 4052 0
31 0 2272 0
31 0 12458 0
31 0 50118 0
31 0 50054 0
31 0 1249 0
31 0 51581 0
31 0 517 0
31 0 2298 0
31 0 2861 0
31 0 10306 0
31 0 51013 0
31 0 3292 0
31 0 12036 0
31 0 2566 0
31 0 50901 0
31 0 732 0
31 0 2365 0
31 0 10153 0
31 0 1216 0
31 0 52007 0
31 0 12025 0
31 0 2125 0
31 0 1127 0
31 0 13 0
31 0 51237 0
31 0 960 1
31 0 10096 0
31 0 51232 0
31 0 3447 0
31 0 3373 0
31 0 51644 0
31 0 725 0
31 0 1103 0
31 0 50635 0
31 0 12342 0
31 0 16030 0
31 0 52168 0
31 0 52294 0
31 0 3902 0
31 0 14013 0
31 0 52299 0
31 0 50690 0
31 0 20015 0
31 0 235 0
31 0 12193 0
31 0 51419 0
31 0 3831 0
31 0 50303 0
31 0 3346 0
31 0 51001 0
31 0 51657 0
31 0 2935 0
31 0 16020 0
31 0 362 1
31 0 51095 0
31 0 52179 0
31 0 3910 0
31 0 14006 0
31 0 51461 0
31 0 649 0
31 0 10460 0
31 0 51469 0
31 0 3578 0
31 0 1047 0
31 0 50546 0
31 0 51258 0
31 0 12412 0
31 0 50253 0
31 0 1367 0
31 0 50152 0
31 0 50789 0
31 0 51141 0
31 0 50420 0
32 0 52278 0
32 0 1144 0
32 0 2526 0
32 0 1542 0
32 0 50248 0
32 0 3251 0
32 0 52303 0
32 0 50793 0
32 0 546 0
32 0 50827 0
32 0 51959 0
32 0 50414 0
32 0 10355 0
32 0 2704 0
32 0 2746 0
32 0 3485 0
32 0 1099 0
32 0 12430 0
32 0 50403 0
32 0 1826 0
32 0 2313 0
32 0 1381 0
32 0 1383 0
32 0 987 1
32 0 50872 0
32 0 20058 0
32 0 2545 0
32 0 52150 0
32 0 10079 0
32 0 1409 0
32 0 12312 0
32 0 51043 0
32 0 51207 0
32 0 3667 0
32 0 3811 0
32 0 51918 0
32 0 3587 0
32 0 1330 0
32 0 244 0
32 0 2274 0
32 0 844 0
32 0 50698 0
32 0 1431 0
32 0 50694 0
32 0 51185 0
32 0 641 0
32 0 50050 0
32 0 2675 0
32 0 1532 0
32 0 16017 0
32 0 12124 0
32 0 3031 0
32 0 1343 0
32 0 2598 0
32 0 2924 0
32 0 10188 0
32 0 3290 0
32 0 2204 0
32 0 655 0
32 0 50510 0
32 0 3603 0
32 0 1359 0
32 0 52051 0
32 0 10312 0
32 0 1354 0
32 0 3526 0
32 0 3630 0
32 0 967 0
32 0 1189 0
32 0 3686 0
32 0 724 0
32 0 52039 0
32 0 51485 0
32 0 3421 0
32 0 51122 0
32 0 1164 0
32 0 2436 0
32 0 3865 0
32 0 10365 0
32 0 12545 0
32 0 23340 0
32 0 50220 0
32 0 3230 0
32 0 3108 0
32 0 10089 0
32 0 51007 0
32 0 1447 0
32 0 3970 0
32 0 1534 0
32 0 52225 0
32 0 51492 0
32 0 1295 0
32 0 10072 0
32 0 3913 0
32 0 207 0
32 0 14000 0
32 0 51381 0
32 0 3781 0
32 0 1978 0
32 0 12413 0
32 0 12414 0
32 0 51541 0
32 0 51319 0
32 0 52217 0
32 0 1761 0
33 0 50956 0
33 0 3928 0
33 0 4027 0
33 0 51470 0
33 0 51474 0
33 0 50369 0
33 0 20071 0
33 0 51264 0
33 0 50797 0
33 0 1464 0
33 0 1467 0
33 0 2858 0
33 0 10353 0
33 0 10055 0
33 0 12353 0
33 0 3339 0
33 0 3562 0
33 0 50673 0
33 0 2990 0
33 0 50271 0
33 0 3245 1
33 0 2065 0
33 0 2149 0
33 0 927 0
33 0 52252 0
33 0 52129 0
33 0 52254 0
33 0 12492 0
33 0 16258 0
33 0 1850 0
33 0 2986 0
33 0 3388 0
33 0 2306 0
33 0 51619 0
33 0 2020 0
33 0 1405 0
33 0 10330 0
33 0 1334 0
33 0 2282 0
33 0 10139 0
33 0 1930 0
33 0 1747 0
33 0 1432 0
33 0 1728 0
33 0 3012 0
33 0 1537 0
33 0 12128 0
33 0 1533 0
33 0 1531 0
33 0 51215 0
33 0 12127 0
33 0 51901 0
33 0 250 0
33 0 973 0
33 0 3898 0
33 0 50046 0
33 0 12238 0
33 0 2811 0
33 0 14025 0
33 0 20004 0
33 0 1591 0
33 0 2212 0
33 0 50443 0
33 0 4070 0
33 0 12226 0
33 0 12222 0
33 0 1749 0
33 0 1453 0
33 0 2694 0
33 0 2693 0
33 0 2439 0
33 0 10007 0
33 0 14017 0
33 0 3634 0
33 0 14014 0
33 0 3631 0
33 0 20013 0
33 0 16199 0
33 0 50222 0
33 0 1366 0
33 0 2131 0
33 0 50304 0
33 0 1118 0
33 0 51490 0
33 0 50922 0
33 0 2038 1
33 0 52281 0
33 0 10072 0
33 0 14002 0
33 0 50312 0
33 0 3352 0
33 0 3050 0
33 0 50546 0
33 0 3221 0
33 0 2087 0
33 0 51090 0
33 0 809 0
33 0 3525 0
33 0 1363 0
33 0 12163 0
33 0 478 0
33 0 805 0
33 0 50656 1
34 0 1142 0
34 0 3648 0
34 0 2656 0
34 0 1787 0
34 0 3659 0
34 0 3411 0
34 0 3389 1
34 0 1777 0
34 0 2320 0
34 0 20072 0
34 0 20071 0
34 0 3559 0
34 0 3992 0
34 0 1462 0
34 0 2910 0
34 0 2466 0
34 0 368 0
34 0 2850 0
34 0 1795 0
34 0 51564 0
34 0 123 0
34 0 3405 0
34 0 4034 0
34 0 367 0
34 0 3646 0
34 0 2294 0
34 0 3643 0
34 0 3641 0
34 0 2998 0
34 0 1709 0
34 0 4133 0
34 0 51274 1
34 0 378 0
34 0 371 0
34 0 923 0
34 0 1663 0
34 0 2252 0
34 0 927 0
34 0 1320 0
34 0 701 0
34 0 1710 0
34 0 2781 0
34 0 2780 0
34 0 2984 0
34 0 2268 0
34 0 1019 0
34 0 1522 0
34 0 1015 0
34 0 1016 0
34 0 589 0
34 0 2887 0
34 0 1747 0
34 0 1430 0
34 0 519 0
34 0 2168 0
34 0 1007 0
34 0 2295 0
34 0 2452 0
34 0 50207 0
34 0 177 0
34 0 3167 0
34 0 2051 1
34 0 2568 0
34 0 2053 1
34 0 27450 0
34 0 3899 0
34 0 184 0
34 0 2364 0
34 0 1035 0
34 0 2580 0
34 0 1354 0
34 0 1860 0
34 0 2954 0
34 0 16220 0
34 0 92 0
34 0 162 1
34 0 2899 0
34 0 3686 0
34 0 2409 0
34 0 884 0
34 0 52165 0
34 0 20010 0
34 0 2941 0
34 0 2137 0
34 0 1960 0
34 0 3979 0
34 0 51491 0
34 0 51814 0
34 0 3191 0
34 0 778 0
34 0 615 0
34 0 711 0
34 0 71 0
34 0 1888 0
34 0 2970 0
34 0 1975 1
34 0 1680 0
34 0 1768 0
34 0 1687 0
34 0 1766 0
35 0 3576 0
35 0 50374 0
35 0 1784 0
35 0 2223 0
35 0 51471 0
35 0 3655 0
35 0 3042 0
35 0 3554 0
35 0 1773 0
35 0 1835 0
35 0 3250 0
35 0 51264 0
35 0 542 0
35 0 543 0
35 0 1408 0
35 0 2158 0
35 0 816 0
35 0 286 0
35 0 3489 0
35 0 1313 0
35 0 1158 0
35 0 3649 0
35 0 3641 0
35 0 3640 0
35 0 2550 0
35 0 422 0
35 0 4131 0
35 0 51273 0
35 0 2411 0
35 0 2668 0
35 0 51945 0
35 0 2473 0
35 0 3945 0
35 0 3946 0
35 0 115 0
35 0 2823 0
35 0 790 0
35 0 3575 0
35 0 1718 0
35 0 2788 0
35 0 527 0
35 0 2262 0
35 0 51974 0
35 0 1012 0
35 0 448 0
35 0 580 0
35 0 413 0
35 0 2285 0
35 0 306 0
35 0 388 0
35 0 3268 0
35 0 12456 0
35 0 2325 0
35 0 3017 0
35 0 3506 0
35 0 1245 0
35 0 1246 0
35 0 2160 0
35 0 623 0
35 0 620 0
35 0 626 0
35 0 2593 0
35 0 3618 0
35 0 2454 0
35 0 2457 0
35 0 1345 0
35 0 601 0
35 0 51826 0
35 0 2050 0
35 0 2866 0
35 0 819 0
35 0 1731 0
35 0 654 0
35 0 650 0
35 0 3891 0
35 0 2810 0
35 0 1214 0
35 0 639 0
35 0 51522 0
35 0 3175 0
35 0 842 0
35 0 2210 0
35 0 3379 0
35 0 862 0
35 0 969 0
35 0 866 0
35 0 3966 0
35 0 1104 0
35 0 51641 0
35 0 2083 0
35 0 1167 0
35 0 52293 0
35 0 10002 0
35 0 3635 0
35 0 1168 0
35 0 1612 0
35 0 1961 0
35 0 51326 0
35 0 1173 0
35 0 898 0
35 0 3704 0
35 0 818 0
35 0 50255 0
35 0 3116 0
35 0 686 0
35 0 806 0
35 0 1764 0
35 0 52210 1
36 0 10068 0
36 0 51864 0
36 0 51474 0
36 0 50369 0
36 0 3042 1
36 0 50000 0
36 0 3554 0
36 0 51173 0
36 0 20071 0
36 0 20079 0
36 0 1370 0
36 0 3928 0
36 0 10351 0
36 0 10353 0
36 0 10055 0
36 0 1790 0
36 0 51901 0
36 0 655 0
36 0 3641 0
36 0 2998 1
36 0 50673 0
36 0 51765 0
36 0 913 0
36 0 16174 0
36 0 3846 0
36 0 50766 0
36 0 1663 0
36 0 3375 0
36 0 2149 0
36 0 2900 0
36 0 50583 0
36 0 52252 0
36 0 52129 0
36 0 52256 0
36 0 52254 0
36 0 12492 0
36 0 3677 0
36 0 51456 0
36 0 2212 0
36 0 1717 0
36 0 3388 0
36 0 2306 0
36 0 1256 0
36 0 51619 0
36 0 369 0
36 0 14002 0
36 0 50770 0
36 0 3816 0
36 0 1334 0
36 0 4117 0
36 0 1261 0
36 0 1930 0
36 0 10030 0
36 0 4055 0
36 0 12518 0
36 0 51620 0
36 0 12002 1
36 0 2573 0
36 0 12000 0
36 0 2065 0
36 0 51968 0
36 0 1533 0
36 0 647 0
36 0 51215 0
36 0 2161 0
36 0 2294 0
36 0 973 0
36 0 20103 0
36 0 3898 0
36 0 52247 0
36 0 12338 0
36 0 2586 0
36 0 3206 0
36 0 3887 0
36 0 1026 0
36 0 3378 0
36 0 3377 0
36 0 1039 0
36 0 3681 0
36 0 50443 0
36 0 4070 0
36 0 3684 0
36 0 12222 0
36 0 16038 0
36 0 1745 0
36 0 2516 0
36 0 2694 0
36 0 2693 0
36 0 2357 0
36 0 10007 0
36 0 10002 0
36 0 14017 0
36 0 14014 0
36 0 16199 0
36 0 12540 0
36 0 50222 0
36 0 1890 0
36 0 232 0
36 0 51090 0
36 0 2228 0
36 0 809 0
36 0 3344 0
36 0 51000 0
36 0 1440 0
36 0 50434 0
36 0 50924 0
36 0 51490 0
36 0 50922 0
36 0 51189 0
36 0 52281 0
36 0 10072 0
36 0 1531 0
36 0 610 0
36 0 52366 0
36 0 72 0
36 0 12282 0
36 0 3352 0
36 0 50475 0
36 0 10468 0
36 0 12362 0
36 0 50546 0
36 0 3221 0
36 0 1537 0
36 0 12368 0
36 0 50938 0
36 0 1768 0
36 0 476 0
36 0 1363 0
36 0 805 0
37 0 12482 0
37 0 1789 0
37 0 1192 0
37 0 3714 0
37 0 50489 0
37 0 50959 0
37 0 3496 0
37 0 10297 0
37 0 1785 0
37 0 3765 0
37 0 1309 0
37 0 50087 0
37 0 10187 0
37 0 1075 0
37 0 12406 0
37 0 20079 0
37 0 2400 0
37 0 50164 0
37 0 1675 0
37 0 50640 0
37 0 2408 0
37 0 1317 0
37 0 52156 0
37 0 10289 0
37 0 2856 0
37 0 1550 0
37 0 50671 0
37 0 50271 0
37 0 2494 0
37 0 1752 0
37 0 2146 0
37 0 380 0
37 0 52127 0
37 0 2196 0
37 0 1325 0
37 0 1123 0
37 0 50871 0
37 0 10047 0
37 0 51459 0
37 0 1485 0
37 0 50186 0
37 0 1489 0
37 0 87 0
37 0 2543 0
37 0 4128 0
37 0 52094 0
37 0 50477 0
37 0 2865 0
37 0 4126 0
37 0 3163 0
37 0 51979 0
37 0 1397 0
37 0 1396 0
37 0 50774 0
37 0 50946 0
37 0 3661 0
37 0 52130 0
37 0 1331 0
37 0 3743 0
37 0 1930 0
37 0 16247 0
37 0 10427 0
37 0 2831 0
37 0 50357 0
37 0 2100 0
37 0 50698 0
37 0 50695 0
37 0 51183 0
37 0 1720 0
37 0 12001 0
37 0 12322 0
37 0 51748 0
37 0 439 0
37 0 51214 0
37 0 50500 0
37 0 2163 0
37 0 3591 0
37 0 10309 0
37 0 51392 0
37 0 1340 0
37 0 3803 0
37 0 3907 0
37 0 3168 0
37 0 51538 0
37 0 51260 0
37 0 10023 0
37 0 10256 0
37 0 1739 0
37 0 976 0
37 0 50328 0
37 0 50688 0
37 0 51341 0
37 0 20036 0
37 0 51135 0
37 0 185 0
37 0 739 0
37 0 50908 0
37 0 51220 0
37 0 12239 0
37 0 50510 0
37 0 50043 0
37 0 342 0
37 0 51134 0
37 0 2187 0
37 0 226 0
37 0 3726 0
37 0 50411 0
37 0 1273 0
37 0 10014 0
37 0 50130 0
37 0 3881 0
37 0 50724 0
37 0 1456 0
37 0 1467 0
37 0 52181 0
37 0 1747 0
37 0 1109 0
37 0 10004 0
37 0 52296 1
37 0 743 0
37 0 10001 0
37 0 2733 1
37 0 555 0
37 0 2432 1
37 0 10161 0
37 0 3531 0
37 0 80 0
37 0 51790 0
37 0 3438 0
37 0 51242 0
37 0 10089 0
37 0 2342 0
37 0 47 0
37 0 50887 0
37 0 2741 0
37 0 3974 0
37 0 2746 0
37 0 10481 0
37 0 52228 0
37 0 1565 0
37 0 1699 0
37 0 52073 0
37 0 52194 0
37 0 52288 0
37 0 52171 0
37 0 20065 0
37 0 3785 0
37 0 2129 0
37 0 12413 0
37 0 1619 0
37 0 1288 0
37 0 51742 0
37 0 50781 1
37 0 1361 0
37 0 12205 0
37 0 51310 0
37 0 50657 0
37 0 50159 0
38 0 10062 0
38 0 50892 0
38 0 10296 0
38 0 50088 0
38 0 10105 0
38 0 10413 0
38 0 4087 0
38 0 51800 0
38 0 1837 0
38 0 1079 0
38 0 12406 0
38 0 3790 0
38 0 51678 0
38 0 2018 0
38 0 3991 0
38 0 12090 0
38 0 1315 0
38 0 3763 0
38 0 52266 0
38 0 10055 0
38 0 3936 0
38 0 1098 0
38 0 1319 0
38 0 12068 0
38 0 10207 0
38 0 51237 0
38 0 1951 0
38 0 3560 0
38 0 12101 0
38 0 3768 0
38 0 1528 0
38 0 2995 0
38 0 2798 0
38 0 12306 0
38 0 50179 0
38 0 12145 0
38 0 50175 0
38 0 923 0
38 0 924 0
38 0 10048 0
38 0 50584 0
38 0 677 0
38 0 51295 0
38 0 1126 0
38 0 12420 0
38 0 10129 0
38 0 50473 0
38 0 1716 0
38 0 51115 0
38 0 3621 0
38 0 52155 0
38 0 2071 0
38 0 2070 0
38 0 362 0
38 0 1103 0
38 0 3810 0
38 0 14049 0
38 0 3954 0
38 0 4114 0
38 0 4113 0
38 0 1939 0
38 0 906 0
38 0 2272 0
38 0 908 0
38 0 1772 0
38 0 51350 0
38 0 3096 0
38 0 12125 0
38 0 458 0
38 0 52107 0
38 0 3616 0
38 0 52108 0
38 0 1876 0
38 0 3007 0
38 0 10310 0
38 0 51435 0
38 0 509 1
38 0 10402 0
38 0 1216 0
38 0 755 0
38 0 465 0
38 0 464 0
38 0 2588 0
38 0 12025 0
38 0 20004 0
38 0 50236 0
38 0 12182 0
38 0 51527 0
38 0 16253 0
38 0 3688 0
38 0 10095 0
38 0 1186 0
38 0 1629 0
38 0 12109 0
38 0 3962 0
38 0 1518 0
38 0 51489 0
38 0 12346 0
38 0 51807 0
38 0 10272 0
38 0 3903 0
38 0 52354 0
38 0 20015 0
38 0 10473 0
38 0 51793 0
38 0 12469 0
38 0 50735 0
38 0 3104 0
38 0 51248 0
38 0 10081 0
38 0 51001 0
38 0 1111 0
38 0 918 0
38 0 51654 0
38 0 50029 1
38 0 2031 0
38 0 639 0
38 0 1756 0
38 0 12 0
38 0 50627 0
38 0 50961 0
38 0 50399 0
38 0 146 0
38 0 52179 0
38 0 10268 0
38 0 10173 0
38 0 10375 0
38 0 2974 0
38 0 686 0
38 0 1600 0
38 0 1974 0
38 0 472 0
38 0 3525 0
38 0 51666 0
38 0 1762 0
38 0 12206 0
38 0 1672 0
38 0 1369 0
39 0 10299 0
39 0 2845 0
39 0 50899 0
39 0 10211 0
39 0 10108 0
39 0 51863 0
39 0 12075 0
39 0 10101 0
39 0 12070 0
39 0 10185 0
39 0 12520 0
39 0 12523 0
39 0 51130 0
39 0 50559 0
39 0 12528 0
39 0 51899 0
39 0 16162 0
39 0 50826 0
39 0 50827 0
39 0 51892 0
39 0 51893 0
39 0 50416 0
39 0 51284 0
39 0 10296 0
39 0 3930 0
39 0 12435 0
39 0 51567 0
39 0 51449 0
39 0 12060 0
39 0 2 0
39 0 10193 0
39 0 50403 0
39 0 2319 0
39 0 50148 0
39 0 12305 0
39 0 12302 0
39 0 12261 0
39 0 50813 0
39 0 12267 0
39 0 12264 0
39 0 50810 0
39 0 10323 0
39 0 10040 0
39 0 10430 0
39 0 10266 0
39 0 12016 0
39 0 12011 0
39 0 12010 0
39 0 12315 0
39 0 10171 0
39 0 52158 0
39 0 51118 0
39 0 51202 0
39 0 3580 0
39 0 309 0
39 0 51380 0
39 0 51911 0
39 0 12341 0
39 0 52331 0
39 0 12457 0
39 0 10138 0
39 0 12009 0
39 0 51427 0
39 0 51581 0
39 0 52103 0
39 0 14033 0
39 0 335 0
39 0 50715 0
39 0 50202 0
39 0 10251 0
39 0 3162 0
39 0 51988 0
39 0 12446 0
39 0 3699 0
39 0 12563 0
39 0 51133 0
39 0 50604 0
39 0 10667 0
39 0 50602 0
39 0 12232 0
39 0 12132 0
39 0 12331 0
39 0 14023 0
39 0 888 0
39 0 52059 0
39 0 52340 0
39 0 99 0
39 0 51223 0
39 0 12187 0
39 0 1623 0
39 0 51030 0
39 0 51036 0
39 0 51403 0
39 0 51400 1
39 0 722 0
39 0 52330 0
39 0 50030 0
39 0 51727 0
39 0 52184 0
39 0 607 0
39 0 10165 0
39 0 3860 0
39 0 1168 0
39 0 10278 0
39 0 12198 0
39 0 52197 0
39 0 1056 0
39 0 12292 0
39 0 51003 0
39 0 12463 0
39 0 50381 0
39 0 51652 0
39 0 51667 1
39 0 16023 0
39 0 51323 0
39 0 51658 0
39 0 12355 0
39 0 10071 0
39 0 891 0
39 0 52369 0
39 0 50495 0
39 0 10314 0
39 0 50499 0
39 0 50941 0
39 0 10176 0
39 0 10177 0
39 0 51466 0
39 0 3054 0
39 0 3701 0
39 0 50093 0
39 0 3698 0
39 0 2330 1
39 0 12411 0
39 0 51709 0
39 0 50154 0
39 0 12208 0
39 0 50781 0
39 0 50429 0
39 0 50933 0
39 0 51314 1
40 0 4133 0
40 0 50488 0
40 0 50489 0
40 0 10164 0
40 0 2657 0
40 0 51939 0
40 0 50899 0
40 0 1877 0
40 0 10231 0
40 0 51295 0
40 0 50184 1
40 0 51833 0
40 0 50347 0
40 0 50481 0
40 0 10126 0
40 0 51365 0
40 0 52243 0
40 0 3519 0
40 0 51366 0
40 0 51024 0
40 0 51364 0
40 0 2342 0
40 0 2059 0
40 0 10302 0
40 0 25454 0
40 0 50591 0
40 0 3363 0
40 0 3 1
40 0 12171 0
40 0 2110 0
40 0 2363 0
40 0 12357 0
40 0 3991 0
40 0 10402 0
40 0 50955 0
40 0 50887 0
40 0 10249 0
40 0 440 0
40 0 51381 0
40 0 1355 0
40 0 50942 0
40 0 12286 0
40 0 12332 0
40 0 3074 0
40 0 10293 0
40 0 2102 0
40 0 3078 0
40 0 3057 0
40 0 50983 0
40 0 10372 0
40 0 2912 0
40 0 10192 0
40 0 51257 0
40 0 3564 0
40 0 51186 0
40 0 50923 0
40 0 12413 0
40 0 51710 0
40 0 12040 0
40 0 2048 0
40 0 52374 0
40 0 50631 0
40 0 1769 0
40 0 3962 0
40 0 50399 0
40 0 10202 0
40 0 51074 0
40 0 50766 0
40 0 924 0
41 0 1782 0
41 0 761 0
41 0 10293 0
41 0 3323 0
41 0 51863 0
41 0 10107 0
41 0 12391 0
41 0 10102 0
41 0 12376 0
41 0 50008 0
41 0 12401 0
41 0 50714 0
41 0 50419 0
41 0 51267 0
41 0 10354 1
41 0 10207 0
41 0 12434 0
41 0 12432 0
41 0 51447 0
41 0 10112 0
41 0 12531 0
41 0 51270 0
41 0 12381 0
41 0 12304 0
41 0 530 0
41 0 12262 0
41 0 51070 0
41 0 10438 0
41 0 51840 0
41 0 12424 0
41 0 14040 0
41 0 51698 0
41 0 1713 0
41 0 12012 0
41 0 51599 0
41 0 52155 0
41 0 51978 0
41 0 50069 0
41 0 587 0
41 0 51919 0
41 0 10131 0
41 0 51500 0
41 0 50216 0
41 0 10423 1
41 0 10420 0
41 0 10032 0
41 0 50520 0
41 0 12248 0
41 0 51426 0
41 0 12402 0
41 0 52310 0
41 0 52311 0
41 0 2675 0
41 0 2379 0
41 0 50295 0
41 0 52103 0
41 0 14034 0
41 0 10149 0
41 0 10386 0
41 0 10384 0
41 0 51023 0
41 0 50683 0
41 0 52037 0
41 0 12237 0
41 0 50908 0
41 0 12331 0
41 0 2816 0
41 0 14025 0
41 0 10408 1
41 0 10311 0
41 0 52112 0
41 0 10396 0
41 0 10397 1
41 0 162 0
41 0 12180 0
41 0 51033 0
41 0 51402 0
41 0 52022 0
41 0 12343 0
41 0 50919 0
41 0 51648 0
41 0 51724 0
41 0 157 0
41 0 10168 0
41 0 10167 0
41 0 52049 0
41 0 12544 0
41 0 10361 0
41 0 12196 0
41 0 51240 0
41 0 52196 0
41 0 51081 0
41 0 10481 0
41 0 51658 0
41 0 52073 0
41 0 12493 0
41 0 52177 0
41 0 10468 0
41 0 51877 0
41 0 51926 0
41 0 50783 0
41 0 12201 0
42 0 3129  0
42 0 3624  0
42 0 50052 0
42 0 3006  0
42 0 51844 1
42 0 10021 0
43 0 16217 0
43 0 3774 0
43 0 52067 0
43 0 58 0
43 0 50206 0
43 0 12429 0
43 0 50208 0
43 0 14070 0
43 0 12071 0
43 0 51712 0
43 0 12396 0
43 0 50247 0
43 0 12016 0
43 0 50242 0
43 0 50450 0
43 0 51752 0
43 0 3089 0
43 0 51827 0
43 0 12133 0
43 0 10483 0
43 0 51082 0
43 0 774 0
43 0 52369 0
43 0 50595 0
43 0 12217 0
43 0 786 0
43 0 14005 0
43 0 16007 0
43 0 50031 1
43 0 12044 0
43 0 50981 0
43 0 10377 0
43 0 12375 0
43 0 12107 0
43 0 12018 0
43 0 50279 1
43 0 51377 0
43 0 50464 0
43 0 51376 0
43 0 51258 0
43 0 50294 0
43 0 2675 0
43 0 12083 0
43 0 12121 0
43 0 12055 0
43 0 52215 0
43 0 50937 0
43 0 12201 0
43 0 12126 0
45 0 3714  0
45 0 51292 0
45 0 10064        0
45 0 50890        0
45 0 50660        0
45 0 52000        0
45 0 52067        0
45 0 10161        1
45 0 1961         0
45 0 26           0
45 0 51368        0
45 0 50198        0
45 0 1323         0
45 0 12370        0
45 0 12408        0
45 0 50757        1
45 0 10309        0
45 0 50121        0
45 0 50301        0
45 0 52199        1
45 0 2579         0
45 0 1527         0
45 0 2033         0
45 0 50904        1
45 0 1376         0
45 0 1397         0
45 0 51204        1
45 0 51975        0
45 0 51787        0
45 0 51616        0
45 0 12488        0
45 0 1405         0
45 0 1673         0
45 0 16201        0
45 0 50407        0
45 0 51931        1
45 0 51440        0
45 0 10283        0
45 0 51564        0
45 0 51566        1
45 0 10018        1
45 0 50311        0
45 0 164          0
45 0 10114        0
45 0 52116        1
45 0 10016        0
45 0 12375        0
45 0 3509         0
45 0 3248         0
45 0 50544        0
45 0 12453        0
45 0 51707        0
45 0 50728        0
45 0 51354        0
45 0 12381        0
45 0 12435        1
45 0 51671        0
45 0 51762        1
45 0 12160        0
45 0 12325        0
45 0 50117        1
45 0 50037        1
45 0 16030        1
46 0 3928 0
46 0 52062 0
46 0 4027 0
46 0 51474 0
46 0 50369 0
46 0 10459 1
46 0 10458 0
46 0 12072 0
46 0 50718 0
46 0 50556 0
46 0 20071 0
46 0 50790 0
46 0 50160 0
46 0 50797 0
46 0 50413 0
46 0 1467 0
46 0 10297 0
46 0 51896 0
46 0 2858 0
46 0 12435 0
46 0 10353 0
46 0 10055 0
46 0 50967 0
46 0 51182 0
46 0 51566 0
46 0 51684 0
46 0 51871 0
46 0 51689 0
46 0 14063 0
46 0 10442 0
46 0 3562 0
46 0 50673 1
46 0 50561 1
46 0 51943 0
46 0 532 0
46 0 52372 0
46 0 2065 0
46 0 2149 0
46 0 10455 0
46 0 10040 0
46 0 52252 0
46 0 52129 0
46 0 52256 0
46 0 52254 0
46 0 12492 0
46 0 10122 0
46 0 51360 0
46 0 51361 0
46 0 12396 0
46 0 2986 0
46 0 3388 0
46 0 2306 0
46 0 51619 0
46 0 51979 0
46 0 50127 0
46 0 10330 0
46 0 10133 0
46 0 1334 0
46 0 10139 0
46 0 1930 0
46 0 51858 0
46 0 50522 0
46 0 10035 0
46 0 51189 0
46 0 12459 1
46 0 1537 0
46 0 12085 0
46 0 1533 0
46 0 1531 0
46 0 50290 0
46 0 51215 0
46 0 50296 0
46 0 51909 0
46 0 51505 0
46 0 51901 0
46 0 51347 0
46 0 198 0
46 0 51348 0
46 0 973 0
46 0 51432 0
46 0 12448 0
46 0 12449 0
46 0 3898 0
46 0 50908 0
46 0 52323 0
46 0 12238 0
46 0 10401 0
46 0 10019 0
46 0 10018 0
46 0 1591 0
46 0 10395 0
46 0 10014 0
46 0 2212 0
46 0 50729 0
46 0 12136 0
46 0 50443 0
46 0 4070 0
46 0 51778 0
46 0 50529 0
46 0 12222 0
46 0 51410 0
46 0 2694 0
46 0 2693 0
46 0 50037 0
46 0 2104 0
46 0 2439 0
46 0 10007 0
46 0 51395 0
46 0 2733 0
46 0 14017 0
46 0 2432 0
46 0 3634 0
46 0 14014 0
46 0 10008 0
46 0 10009 0
46 0 10161 0
46 0 12544 0
46 0 12543 0
46 0 16199 0
46 0 50222 0
46 0 10366 0
46 0 3733 0
46 0 50938 0
46 0 52337 0
46 0 51244 0
46 0 51246 0
46 0 52199 0
46 0 51328 0
46 0 12353 0
46 0 51490 0
46 0 50922 0
46 0 51089 0
46 0 52281 0
46 0 10072 0
46 0 12163 0
46 0 14002 0
46 0 51380 0
46 0 50312 0
46 0 3352 0
46 0 50546 0
46 0 2131 0
46 0 3221 0
46 0 2087 0
46 0 12417 0
46 0 51090 0
46 0 3193 0
46 0 1363 0
46 0 50781 0
46 0 51669 0
46 0 805 0
47 0 10067 0
47 0 52276 0
47 0 51865 0
47 0 16222 0
47 0 51305 0
47 0 3121 0
47 0 12528 0
47 0 50417 0
47 0 51778 0
47 0 3768 0
47 0 1796 0
47 0 3333 0
47 0 10118 0
47 0 12064 0
47 0 51153 0
47 0 12385 0
47 0 50564 0
47 0 2996 0
47 0 51943 0
47 0 50077 0
47 0 1667 0
47 0 922 0
47 0 377 0
47 0 1660 0
47 0 3827 0
47 0 1083 0
47 0 2909 0
47 0 51515 0
47 0 10250 0
47 0 87 0
47 0 3279 0
47 0 12255 0
47 0 12254 0
47 0 12250 0
47 0 3025 0
47 0 2789 0
47 0 3020 0
47 0 10171 0
47 0 367 0
47 0 12150 0
47 0 2076 0
47 0 50807 0
47 0 3951 0
47 0 589 0
47 0 10226 0
47 0 16242 0
47 0 3019 0
47 0 1433 0
47 0 2578 0
47 0 3501 0
47 0 3016 0
47 0 12084 0
47 0 2672 0
47 0 645 0
47 0 50979 0
47 0 51109 0
47 0 51820 1
47 0 10254 0
47 0 10020 0
47 0 1739 0
47 0 12567 0
47 0 978 0
47 0 12338 0
47 0 50280 0
47 0 12337 0
47 0 50041 0
47 0 52321 0
47 0 50043 0
47 0 3876 0
47 0 3075 0
47 0 16185 0
47 0 20000 0
47 0 12187 0
47 0 10240 0
47 0 16221 0
47 0 2112 0
47 0 51527 0
47 0 3885 0
47 0 51036 0
47 0 52204 0
47 0 12109 0
47 0 3967 0
47 0 52186 0
47 0 10275 0
47 0 51398 0
47 0 12199 0
47 0 235 0
47 0 1050 0
47 0 1053 0
47 0 12275 0
47 0 51552 0
47 0 321 0
47 0 16020 0
47 0 50389 0
47 0 12356 0
47 0 16047 0
47 0 3626 0
47 0 3057 0
47 0 2976 0
47 0 12411 0
47 0 2086 0
47 0 1685 0
47 0 50837 0
48 0 50485 0
48 0 50481 0
48 0 50364 0
48 0 50551 0
48 0 3551 0
48 0 50559 0
48 0 12406 0
48 0 51954 0
48 0 50165 0
48 0 12275 0
48 0 51680 0
48 0 50371 0
48 0 51873 0
48 0 50378 0
48 0 50677 0
48 0 51370 0
48 0 12389 0
48 0 12538 0
48 0 12301 0
48 0 51079 0
48 0 50761 0
48 0 51604 0
48 0 10129 0
48 0 12426 0
48 0 51516 0
48 0 51455 0
48 0 10265 0
48 0 12253 0
48 0 12395 0
48 0 12313 0
48 0 52289 0
48 0 51044 0
48 0 51918 0
48 0 51851 0
48 0 51624 0
48 0 51621 0
48 0 12452 0
48 0 12007 0
48 0 51749 0
48 0 2375 0
48 0 51964 0
48 0 50999 0
48 0 50990 0
48 0 3511 0
48 0 50322 0
48 0 50045 0
48 0 50041 0
48 0 14023 0
48 0 51933 0
48 0 16224 0
48 0 10245 0
48 0 50464 0
48 0 51034 0
48 0 50910 0
48 0 51356 0
48 0 51723 0
48 0 16033 0
48 0 52358 0
48 0 51415 0
48 0 50221 0
48 0 51793 0
48 0 50225 0
48 0 12197 0
48 0 52190 1
48 0 52114 0
48 0 50147 0
48 0 1692 0
48 0 50386 0
48 0 50925 0
48 0 10485 0
48 0 50921 0
48 0 50017 0
48 0 16048 0
48 0 16046 0
48 0 14001 0
48 0 14003 0
48 0 12286 1
48 0 12553 0
48 0 12367 0
48 0 51250 0
48 0 12360 0
48 0 51010 0
48 0 3223 0
48 0 51091 0
48 0 50783 0
48 0 51097 0
48 0 51884 0
49 0 52278 0
49 0 2848 1
49 0 50089 0
49 0 51475 0
49 0 2526 0
49 0 1542 0
49 0 1144 0
49 0 50248 0
49 0 3251 0
49 0 3255 0
49 0 50793 0
49 0 546 0
49 0 50827 0
49 0 51959 0
49 0 50414 0
49 0 10355 0
49 0 2704 0
49 0 52225 0
49 0 3485 0
49 0 52263 0
49 0 3137 0
49 0 12430 0
49 0 3645 1
49 0 14065 0
49 0 50403 0
49 0 12384 0
49 0 1826 0
49 0 3031 1
49 0 52144 0
49 0 1381 0
49 0 1383 0
49 0 10043 0
49 0 987 0
49 0 50872 0
49 0 10072 0
49 0 50263 1
49 0 10126 0
49 0 1858 0
49 0 51363 0
49 0 20058 0
49 0 16048 0
49 0 2545 0
49 0 3028 0
49 0 10079 0
49 0 1409 0
49 0 52157 0
49 0 51043 0
49 0 51207 0
49 0 3667 0
49 0 3811 0
49 0 51918 0
49 0 3587 0
49 0 1330 0
49 0 2313 0
49 0 51996 0
49 0 2204 0
49 0 2274 0
49 0 844 0
49 0 50698 0
49 0 51359 0
49 0 1431 0
49 0 50694 0
49 0 51059 0
49 0 51180 0
49 0 641 0
49 0 50050 0
49 0 2675 0
49 0 1532 0
49 0 16017 0
49 0 50112 0
49 0 1248 0
49 0 50471 0
49 0 12124 0
49 0 1343 0
49 0 2598 0
49 0 2924 0
49 0 10188 0
49 0 16230 0
49 0 50750 0
49 0 50452 0
49 0 52245 0
49 0 50418 0
49 0 16007 0
49 0 52039 1
49 0 52051 0
49 0 52303 0
49 0 10312 0
49 0 1354 0
49 0 3630 0
49 0 50448 0
49 0 50723 0
49 0 12470 0
49 0 1189 0
49 0 3686 0
49 0 724 0
49 0 5051 0
49 0 51485 0
49 0 50309 0
49 0 1164 0
49 0 10272 0
49 0 16254 0
49 0 2436 0
49 0 3865 0
49 0 50220 0
49 0 23340 0
49 0 10365 0
49 0 50536 0
49 0 3108 0
49 0 10089 0
49 0 51007 0
49 0 14056 0
49 0 1447 0
49 0 3970 0
49 0 1534 0
49 0 1441 0
49 0 2746 0
49 0 51492 0
49 0 1295 0
49 0 52280 0
49 0 2649 0
49 0 12492 0
49 0 3913 0
49 0 207 0
49 0 14000 0
49 0 51381 0
49 0 1099 0
49 0 51582 0
49 0 655 0
49 0 51786 0
49 0 3781 0
49 0 1978 0
49 0 12413 0
49 0 12414 0
49 0 51016 0
49 0 51541 0
49 0 51319 0
49 0 52217 0
49 0 50657 0
50 0 3341 1
50 0 1147 0
50 0 459 0
50 0 1783 0
50 0 766 0
50 0 3493 0
50 0 218 0
50 0 219 0
50 0 1775 0
50 0 16028 0
50 0 1831 0
50 0 2327 0
50 0 2325 0
50 0 20071 0
50 0 1076 0
50 0 50009 0
50 0 2402 0
50 0 1377 0
50 0 812 0
50 0 3991 0
50 0 2910 0
50 0 1799 0
50 0 3837 0
50 0 991 0
50 0 676 0
50 0 3133 0
50 0 3648 0
50 0 3640 0
50 0 3568 0
50 0 3240 0
50 0 10199 0
50 0 2798 0
50 0 50921 0
50 0 298 0
50 0 1385 0
50 0 50766 0
50 0 3601 0
50 0 1381 0
50 0 291 0
50 0 3949 0
50 0 1169 0
50 0 1121 0
50 0 315 0
50 0 1920 0
50 0 4108 0
50 0 3306 0
50 0 2543 0
50 0 2542 0
50 0 2989 0
50 0 3382 0
50 0 2783 0
50 0 3574 0
50 0 443 0
50 0 1391 0
50 0 50768 0
50 0 3117 0
50 0 300 0
50 0 2931 0
50 0 3263 0
50 0 246 0
50 0 4057 0
50 0 1664 0
50 0 905 0
50 0 2577 0
50 0 1626 0
50 0 3505 0
50 0 51218 0
50 0 1008 0
50 0 2376 0
50 0 2595 0
50 0 1005 0
50 0 2599 0
50 0 2809 0
50 0 69 0
50 0 3369 1
50 0 20032 0
50 0 3692 0
50 0 3510 0
50 0 1585 0
50 0 3898 0
50 0 52325 0
50 0 2363 0
50 0 52249 0
50 0 751 0
50 0 10405 0
50 0 466 0
50 0 463 0
50 0 2427 0
50 0 3070 0
50 0 98 0
50 0 3523 0
50 0 3287 0
50 0 225 0
50 0 1915 0
50 0 3177 0
50 0 10 0
50 0 3880 0
50 0 50441 1
50 0 3372 0
50 0 1977 0
50 0 935 0
50 0 1744 0
50 0 944 0
50 0 427 0
50 0 2464 0
50 0 4082 0
50 0 52045 0
50 0 2436 0
50 0 3534 0
50 0 10366 0
50 0 1893 0
50 0 50536 0
50 0 1968 0
50 0 4000 0
50 0 47 0
50 0 4003 0
50 0 4004 0
50 0 3437 0
50 0 3971 0
50 0 1290 0
50 0 1751 0
50 0 2725 0
50 0 776 0
50 0 3626 0
50 0 3356 1
50 0 1572 0
50 0 3053 0
50 0 3544 0
50 0 1595 0
50 0 1804 0
50 0 3787 0
50 0 2336 0
50 0 1978 0
50 0 2338 0
50 0 3421 0
50 0 2081 0
50 0 3196 0
50 0 3985 0
50 0 50396 0
50 0 1575 0
51 0 1304 0
51 0 3714 0
51 0 3496 0
51 0 50954 0
51 0 1309 0
51 0 3765 0
51 0 51472 0
51 0 3417 0
51 0 51471 0
51 0 2955 0
51 0 51866 0
51 0 51174 0
51 0 50845 0
51 0 2529 0
51 0 1548 0
51 0 819 0
51 0 50551 0
51 0 340 0
51 0 2400 0
51 0 1675 0
51 0 1467 0
51 0 52066 0
51 0 1317 0
51 0 2915 0
51 0 52263 0
51 0 2856 0
51 0 10206 0
51 0 1720 0
51 0 3137 0
51 0 4034 0
51 0 12430 0
51 0 3339 0
51 0 3202 0
51 0 1550 0
51 0 12389 0
51 0 50136 0
51 0 2494 0
51 0 2146 0
51 0 52144 0
51 0 1389 0
51 0 3846 0
51 0 1380 0
51 0 925 0
51 0 1325 0
51 0 1123 0
51 0 10047 0
51 0 10232 0
51 0 1485 0
51 0 1489 0
51 0 87 0
51 0 3674 0
51 0 4128 0
51 0 50477 0
51 0 1854 0
51 0 12258 0
51 0 524 0
51 0 2799 0
51 0 51044 0
51 0 51918 0
51 0 1336 0
51 0 1331 0
51 0 305 0
51 0 3743 0
51 0 1930 0
51 0 51992 0
51 0 1178 0
51 0 50356 0
51 0 2831 0
51 0 51625 1
51 0 2042 0
51 0 12453 0
51 0 2048 0
51 0 50738 0
51 0 50614 0
51 0 51748 0
51 0 439 0
51 0 51214 0
51 0 51215 0
51 0 50500 0
51 0 2163 0
51 0 3340 0
51 0 3591 0
51 0 626 0
51 0 1340 0
51 0 51903 0
51 0 4105 0
51 0 67 0
51 0 3297 0
51 0 3163 0
51 0 171 0
51 0 1739 0
51 0 50144 0
51 0 1580 0
51 0 20036 0
51 0 50759 0
51 0 403 0
51 0 183 0
51 0 4118 0
51 0 185 0
51 0 739 0
51 0 546 0
51 0 3890 0
51 0 12239 0
51 0 52322 0
51 0 1507 0
51 0 1358 0
51 0 10156 0
51 0 2152 0
51 0 566 0
51 0 226 0
51 0 51830 0
51 0 342 0
51 0 2950 0
51 0 3881 0
51 0 50724 0
51 0 121 0
51 0 3992 0
51 0 1456 0
51 0 1749 0
51 0 2100 0
51 0 2357 0
51 0 1513 0
51 0 1109 0
51 0 1164 0
51 0 2609 0
51 0 2865 0
51 0 889 0
51 0 3066 0
51 0 51790 0
51 0 3438 0
51 0 2342 0
51 0 1614 0
51 0 3107 0
51 0 2741 0
51 0 3970 0
51 0 2746 0
51 0 1565 0
51 0 1699 0
51 0 12492 0
51 0 51384 0
51 0 2879 0
51 0 52315 0
51 0 27280 1
51 0 12254 0
51 0 463 0
51 0 10374 1
51 0 20065 0
51 0 20067 0
51 0 3543 0
51 0 12413 0
51 0 1619 0
51 0 1288 0
51 0 51144 0
51 0 1361 0
51 0 51310 0
51 0 50935 0
51 0 50657 0
51 0 50159 0
52 0 1768 0
52 0 50883 0
52 0 3537 0
52 0 50526 0
52 0 2921 0
52 0 3929 0
52 0 607 0
52 0 1846 0
52 0 2190 0
52 0 3533 0
52 0 1314 0
52 0 2195 0
52 0 1926 0
52 0 3327 0
52 0 2800 0
52 0 1945 0
52 0 230 1
52 0 16193 0
52 0 1631 0
52 0 167 0
52 0 793 0
52 0 790 0
52 0 1850 0
52 0 86 0
52 0 12509 0
52 0 10076 0
52 0 51344 0
52 0 52022 0
52 0 50577 0
52 0 1444 0
52 0 50795 0
52 0 50023 0
52 0 2112 0
52 0 1509 0
52 0 50148 0
52 0 1405 0
52 0 1693 0
52 0 50880 0
52 0 2845 0
52 0 634 0
52 0 2627 0
52 0 52050 0
52 0 1987 0
52 0 51385 0
52 0 50499 0
52 0 1589 0
52 0 3522 0
52 0 1953 0
52 0 4015 0
52 0 12288 0
52 0 1228 0
52 0 50233 0
52 0 1958 0
52 0 51428 0
52 0 20064 0
52 0 20046 0
52 0 4050 0
52 0 3473 0
52 0 51239 0
52 0 51351 0
52 0 1066 0
52 0 1364 1
52 0 2672 0
52 0 16007 0
52 0 1360 1
52 0 10202 0
52 0 1510 0
53 0 10061 0
53 0 12461 0
53 0 3658 0
53 0 499 0
53 0 51475 0
53 0 51656 0
53 0 12527 0
53 0 51174 0
53 0 51266 0
53 0 51049 0
53 0 12405 0
53 0 50419 0
53 0 50827 0
53 0 50642 1
53 0 10289 0
53 0 10054 0
53 0 51289 0
53 0 10206 0
53 0 10201 0
53 0 51447 0
53 0 3645 0
53 0 12387 0
53 0 50818 0
53 0 51072 0
53 0 50565 0
53 0 50763 0
53 0 50585 0
53 0 10322 0
53 0 14009 0
53 0 12078 0
53 0 50871 0
53 0 52071 0
53 0 52254 0
53 0 50268 0
53 0 12252 0
53 0 12505 0
53 0 12015 0
53 0 50109 0
53 0 12317 0
53 0 51117 0
53 0 51209 0
53 0 51113 0
53 0 51975 0
53 0 16236 0
53 0 363 0
53 0 50107 0
53 0 10134 0
53 0 52133 0
53 0 50865 0
53 0 14048 0
53 0 3624 0
53 0 50196 0
53 0 51859 0
53 0 50194 0
53 0 10037 0
53 0 50985 0
53 0 50334 0
53 0 12043 0
53 0 50698 0
53 0 10467 0
53 0 2693 0
53 0 1902 0
53 0 12001 0
53 0 51340 0
53 0 51749 0
53 0 50055 0
53 0 12560 0
53 0 12120 0
53 0 50058 0
53 0 50978 0
53 0 12089 0
53 0 1342 0
53 0 10381 0
53 0 50205 0
53 0 10022 0
53 0 10388 0
53 0 50750 0
53 0 50325 0
53 0 51639 0
53 0 10326 0
53 0 50161 0
53 0 50355 0
53 0 52030 0
53 0 50045 0
53 0 3878 0
53 0 2626 0
53 0 10155 0
53 0 51933 0
53 0 10391 0
53 0 52048 0
53 0 2111 0
53 0 16222 0
53 0 50236 0
53 0 12029 0
53 0 51526 0
53 0 51835 0
53 0 10090 0
53 0 12100 0
53 0 3444 0
53 0 12570 0
53 0 51400 0
53 0 560 0
53 0 10407 0
53 0 50637 0
53 0 51120 0
53 0 12228 0
53 0 50036 0
53 0 10277 0
53 0 10082 0
53 0 14014 0
53 0 14011 0
53 0 12050 0
53 0 12053 0
53 0 12055 0
53 0 12190 0
53 0 50221 0
53 0 51795 0
53 0 10098 0
53 0 12197 0
53 0 52350 0
53 0 50309 0
53 0 12113 0
53 0 51009 0
53 0 10084 0
53 0 12290 0
53 0 12296 0
53 0 12462 0
53 0 51087 0
53 0 12212 0
53 0 51085 0
53 0 10481 0
53 0 50626 0
53 0 51325 0
53 0 51322 0
53 0 50922 0
53 0 50492 0
53 0 16202 0
53 0 52283 0
53 0 10079 0
53 0 52171 0
53 0 50940 0
53 0 51460 0
53 0 51553 0
53 0 50091 0
53 0 3782 0
53 0 51529 0
53 0 50255 0
53 0 50938 0
53 0 50398 0
53 0 51096 0
53 0 51884 0
53 0 50788 0
54 0 1144 0
54 0 12485 0
54 0 1781 0
54 0 50480 0
54 0 50360 0
54 0 12463 0
54 0 3553 0
54 0 3798 0
54 0 50555 0
54 0 1779 0
54 0 29 0
54 0 2155 0
54 0 936 0
54 0 2916 0
54 0 3833 0
54 0 1099 0
54 0 3486 0
54 0 125 0
54 0 126 0
54 0 4038 0
54 0 332 0
54 0 1069 0
54 0 1556 0
54 0 2796 0
54 0 1383 0
54 0 3825 0
54 0 3276 0
54 0 118 0
54 0 50341 0
54 0 3660 0
54 0 2984 0
54 0 1256 0
54 0 52300 0
54 0 1015 0
54 0 1650 1
54 0 363 0
54 0 3667 1
54 0 3666 0
54 0 3585 0
54 0 3748 0
54 0 2050 0
54 0 441 0
54 0 3956 0
54 0 3740 0
54 0 240 0
54 0 50218 0
54 0 1938 0
54 0 2279 0
54 0 1845 0
54 0 2168 0
54 0 1530 0
54 0 1007 0
54 0 648 1
54 0 50059 0
54 0 2371 0
54 0 1348 0
54 0 3591 0
54 0 3596 0
54 0 571 1
54 0 2926 0
54 0 61 0
54 0 258 0
54 0 103 1
54 0 173 0
54 0 1738 0
54 0 3366 0
54 0 3891 1
54 0 3879 0
54 0 632 1
54 0 1217 0
54 0 3724 0
54 0 2951 0
54 0 961 0
54 0 3883 0
54 0 2895 0
54 0 3680 1
54 0 1028 0
54 0 2698 0
54 0 2107 0
54 0 744 0
54 0 2436 0
54 0 20016 0
54 0 20017 1
54 0 4014 0
54 0 232 0
54 0 1054 0
54 0 879 0
54 0 1190 0
54 0 992 0
54 0 2139 0
54 0 51496 0
54 0 1563 0
54 0 50620 0
54 0 1750 0
54 0 4093 0
54 0 489 0
54 0 3098 0
54 0 4013 1
54 0 942 0
54 0 50702 0
54 0 2237 0
54 0 50018 0
54 0 50830 0
54 0 1571 0
54 0 3981 0
55 0 10067 0
55 0 12485 0
55 0 2653 1
55 0 1815 0
55 0 1321 0
55 0 3557 0
55 0 2328 0
55 0 1071 1
55 0 818 0
55 0 50167 0
55 0 51954 0
55 0 12271 0
55 0 283 0
55 0 1672 0
55 0 10357 0
55 0 1158 0
55 0 10056 0
55 0 1795 0
55 0 51043 0
55 0 10202 0
55 0 3335 0
55 0 50434 0
55 0 1702 0
55 0 1703 0
55 0 12530 0
55 0 1706 0
55 0 50679 0
55 0 50560 0
55 0 2411 0
55 0 16171 0
55 0 50769 0
55 0 3844 0
55 0 51078 0
55 0 50174 0
55 0 50813 0
55 0 926 0
55 0 50585 0
55 0 10322 0
55 0 3941 0
55 0 10042 1
55 0 3277 0
55 0 1481 0
55 0 1488 0
55 0 12503 0
55 0 3028 0
55 0 4121 0
55 0 3576 1
55 0 12258 0
55 0 50066 0
55 0 2663 1
55 0 523 1
55 0 1397 0
55 0 533 1
55 0 1392 0
55 0 12318 0
55 0 2393 0
55 0 3660 0
55 0 1632 0
55 0 2765 0
55 0 589 0
55 0 50211 0
55 0 10034 0
55 0 50861 0
55 0 3018 0
55 0 1640 0
55 0 904 0
55 0 20020 0
55 0 12004 0
55 0 12517 0
55 0 12327 0
55 0 2251 0
55 0 50612 0
55 0 12329 0
55 0 3805 0
55 0 50851 0
55 0 62 0
55 0 2474 0
55 0 357 0
55 0 4106 0
55 0 10257 0
55 0 12569 0
55 0 12568 0
55 0 1423 0
55 0 50328 0
55 0 51436 0
55 0 3639 0
55 0 50759 0
55 0 1989 0
55 0 51738 0
55 0 51228 0
55 0 50906 0
55 0 3084 0
55 0 377 0
55 0 3081 0
55 0 1328 0
55 0 2623 0
55 0 3875 0
55 0 1594 0
55 0 51839 0
55 0 227 0
55 0 12519 0
55 0 3885 0
55 0 51236 0
55 0 12246 0
55 0 3683 0
55 0 2363 0
55 0 2115 0
55 0 52020 0
55 0 1517 0
55 0 16033 0
55 0 2691 0
55 0 51391 0
55 0 4083 0
55 0 4085 0
55 0 52041 0
55 0 20090 0
55 0 2633 1
55 0 10160 0
55 0 1314 0
55 0 51796 0
55 0 16195 0
55 0 12549 0
55 0 1366 0
55 0 51243 0
55 0 2131 0
55 0 1616 0
55 0 321 0
55 0 645 0
55 0 12354 0
55 0 50432 0
55 0 52091 0
55 0 202 0
55 0 894 0
55 0 12494 0
55 0 4094 0
55 0 3058 0
55 0 12557 0
55 0 3052 0
55 0 1882 0
55 0 12366 0
55 0 12360 0
55 0 51924 0
55 0 50782 0
55 0 1360 0
55 0 52217 0
55 0 479 0
55 0 51315 0

